36 123 160
112 193 179
178 219 191
243 255 189
255 22 84
5 102 141
2 128 144
0 168 150
2 195 154
240 243 189
1 22 39
253 255 252
46 196 182
231 29 54
255 159 28
255 205 178
255 180 162
229 152 155
181 131 141
109 104 117
230 57 70
241 250 238
168 218 220
69 123 157
29 53 87
38 70 83
42 157 143
233 196 106
244 162 97
231 111 81
26 83 92
78 205 196
247 255 247
255 107 107
255 230 109
80 81 79
242 95 92
255 224 102
36 123 160
112 193 179
43 45 66
141 153 174
237 242 244
239 35 60
217 4 41
216 226 220
255 229 217
255 202 212
244 172 183
157 129 137
255 255 255
0 23 31
0 52 89
0 126 167
0 168 232
254 147 140
230 184 156
234 210 172
156 175 183
66 129 164
0 48 73
214 40 40
247 127 0
252 191 73
234 226 183
239 71 111
255 209 102
6 214 160
17 138 178
7 59 76
91 192 235
253 231 76
155 197 61
229 89 52
250 121 33
237 106 90
244 241 187
155 193 188
92 164 169
230 235 224
11 19 43
28 37 65
58 80 107
91 192 190
111 255 233
242 215 238
211 188 192
165 102 139
105 48 109
14 16 61
156 137 184
240 166 202
239 195 230
240 230 239
184 190 221
0 0 0
20 33 61
252 163 17
229 229 229
255 255 255
188 231 132
93 211 158
52 138 167
82 81 116
81 59 86
34 34 59
74 78 105
154 140 152
201 173 167
242 233 228
255 159 28
255 191 105
255 255 255
203 243 240
46 196 182
17 75 95
2 128 144
228 253 225
69 105 144
244 91 105
61 90 128
152 193 217
224 251 252
238 108 77
41 50 65
17 75 95
26 147 111
136 212 152
198 218 191
243 233 210
220 220 221
197 195 198
70 73 76
76 92 104
25 133 161
123 223 242
178 247 239
239 247 246
247 214 224
242 181 212
45 49 66
79 93 117
191 192 192
255 255 255
239 131 84
1 22 39
247 23 53
65 234 212
253 255 252
255 159 28
6 174 213
8 103 136
240 200 8
255 241 208
221 28 26
246 81 29
255 180 0
0 166 237
127 184 0
13 44 84
216 219 226
169 188 208
88 164 176
55 63 81
27 27 30
207 219 213
232 237 223
245 203 92
36 36 35
51 53 51
8 61 119
235 235 211
244 211 94
238 150 75
249 87 56
255 185 151
246 126 125
132 59 98
11 3 45
116 84 106
19 41 61
0 100 148
36 123 160
27 152 224
232 241 242
61 49 91
68 75 110
112 139 117
154 184 122
248 249 145
5 102 141
66 122 161
235 242 250
103 148 54
165 190 0
201 203 163
255 225 168
226 109 92
114 61 70
71 45 48
255 166 158
250 243 221
184 242 230
174 217 224
94 100 114
32 191 85
11 79 108
1 186 239
251 251 255
117 117 117
84 13 110
238 66 102
255 210 63
59 206 172
14 173 105
41 47 54
78 205 196
247 255 247
255 107 107
255 230 109
255 190 11
251 86 7
255 0 110
131 56 236
58 134 255
34 9 1
98 23 8
148 27 12
188 57 8
246 170 28
102 153 204
255 242 117
255 140 66
255 60 56
162 62 72
251 251 242
229 230 228
207 210 205
166 162 162
132 117 119
224 251 252
194 223 227
157 180 192
92 107 115
37 50 55
255 191 0
232 63 111
34 116 165
50 147 111
255 255 255
53 53 53
60 110 113
255 255 255
217 217 217
40 75 99
255 172 129
255 146 139
254 195 166
239 233 174
205 234 192
184 216 186
217 219 188
252 221 188
239 149 157
105 88 95
27 231 255
110 235 131
228 255 26
232 170 20
255 87 20
27 153 139
45 48 71
255 253 130
255 155 113
232 72 85
45 49 66
191 192 192
255 255 255
239 131 84
79 93 117
244 241 222
224 122 95
61 64 91
129 178 154
242 204 143
248 255 229
6 214 160
27 154 170
239 71 111
255 196 61
240 182 127
254 95 85
214 209 177
199 239 207
238 245 219
202 210 197
132 169 140
82 121 111
53 79 82
47 62 70
236 248 248
238 228 225
231 216 201
230 190 174
178 150 125
255 94 91
216 216 216
255 255 234
0 206 203
255 237 102
11 19 43
28 37 65
58 80 107
91 192 190
255 255 255
46 82 102
110 136 152
159 177 188
211 208 203
226 192 68
250 243 221
200 213 185
143 192 169
104 176 171
74 124 89
247 178 103
247 157 101
244 132 95
242 112 89
242 92 84
35 25 66
94 84 142
159 134 192
190 149 196
224 177 203
38 84 124
239 71 111
255 209 102
6 214 160
255 252 249
3 37 108
37 65 178
23 104 172
6 190 225
255 255 255
85 91 110
137 176 174
190 227 219
250 249 249
255 214 186
51 92 103
255 243 176
224 159 62
158 42 43
84 11 14
0 0 0
255 255 255
73 73 73
124 122 122
255 93 115
100 166 189
144 168 195
173 167 201
215 185 213
244 202 224
184 216 216
122 158 159
79 99 103
238 245 219
254 95 85
38 84 124
239 71 111
255 209 102
6 214 160
252 252 252
255 231 76
255 89 100
255 255 255
107 241 120
53 167 255
79 0 11
114 0 38
206 66 87
255 127 81
255 155 84
7 190 184
61 204 199
104 216 214
156 234 239
196 255 249
12 15 10
255 32 110
251 255 18
65 234 212
255 255 255
76 84 84
255 113 91
255 255 255
30 168 150
82 63 56
43 45 66
141 153 174
237 242 244
239 35 60
216 0 50
3 63 99
40 102 110
124 152 133
181 182 130
254 220 151
40 61 59
25 114 120
237 221 212
196 69 54
119 46 37
0 0 0
47 69 80
88 111 124
184 219 217
244 244 249
73 88 103
87 115 153
189 213 234
247 247 255
254 95 85
37 206 209
255 255 255
252 234 222
255 138 91
234 82 111
237 238 201
221 231 199
191 216 189
152 201 163
119 191 163
254 74 73
42 183 202
254 215 102
230 230 234
244 244 248
169 229 187
252 246 177
247 179 43
247 44 37
45 30 47
60 22 66
8 99 117
29 211 176
175 252 65
178 255 158
86 82 100
112 102 119
166 128 140
204 183 174
214 207 203
82 72 156
64 98 187
89 195 195
235 235 235
244 91 105
201 228 202
135 187 162
85 130 139
59 96 100
54 73 88
93 115 126
100 182 172
192 253 251
218 255 239
252 255 253
54 33 62
85 73 113
99 118 141
138 198 208
184 243 255
13 19 33
29 45 68
62 92 118
116 140 171
240 235 216
191 195 186
169 172 169
96 73 90
63 50 68
47 34 53
254 95 85
240 182 127
214 209 177
199 239 207
238 245 219
255 89 94
255 202 58
138 201 38
25 130 196
106 76 147
26 20 35
55 37 73
119 76 96
183 93 105
234 205 194
119 51 68
227 181 164
245 233 226
11 0 20
212 77 92
176 208 211
192 132 151
247 175 157
247 227 175
243 238 195
255 252 242
204 197 185
64 61 57
37 36 34
235 94 40
15 163 177
217 229 214
237 222 164
247 160 114
255 155 66
249 219 189
255 165 171
218 98 125
165 56 96
69 9 32
0 38 38
14 71 73
149 198 35
229 88 18
239 231 218
215 38 61
244 96 54
46 41 78
27 153 139
197 216 109
204 88 3
226 113 29
255 149 5
255 182 39
255 201 113
239 100 97
228 179 99
232 233 235
224 223 213
49 54 56
255 78 0
142 166 4
245 187 0
236 159 5
191 49 0
8 76 97
219 80 74
227 181 5
79 109 122
86 163 166
213 197 200
157 163 164
96 77 83
219 127 142
255 219 218
13 27 42
27 38 59
65 90 119
119 141 169
224 225 221
255 103 0
235 235 235
192 192 192
58 110 165
0 78 152
224 159 125
239 93 96
236 64 103
160 26 125
49 24 71
0 107 166
4 150 255
255 188 66
216 17 89
143 45 86
202 231 185
243 222 138
235 148 134
126 127 154
151 167 179
72 74 71
92 109 112
163 119 116
232 136 115
224 172 157
70 63 58
138 129 124
188 184 177
244 243 238
224 175 160
247 197 159
42 50 75
118 123 145
199 204 219
225 229 238
225 206 122
251 255 185
253 214 146
236 115 87
117 79 68
17 21 28
33 45 64
54 65 86
125 78 87
214 104 83
12 9 13
224 26 79
241 89 70
249 194 46
83 179 203
35 61 77
254 127 45
252 202 70
161 193 129
97 155 138
23 126 137
8 76 97
219 58 52
255 200 87
50 48 49
58 46 57
30 85 92
244 216 205
237 177 131
241 81 82
252 252 252
247 86 124
255 250 227
153 225 217
93 87 107
255 192 159
255 238 147
252 245 199
160 206 217
173 247 182
10 17 40
0 31 84
3 64 120
18 130 162
254 252 251
88 139 139
255 255 255
255 213 194
242 143 59
200 85 61
13 59 102
250 240 202
244 211 94
238 150 75
249 87 56
221 216 196
163 201 168
132 181 159
105 162 151
80 128 142
219 80 74
255 111 89
37 68 65
67 170 139
178 176 155
50 10 40
81 23 48
142 68 61
203 145 115
224 214 138
57 0 153
158 0 89
255 0 84
255 84 0
255 189 0
16 37 66
248 112 96
205 215 214
179 163 148
255 255 255
221 110 66
232 218 178
79 109 122
192 214 223
234 234 234
249 200 14
248 102 36
234 53 70
102 46 155
67 188 205
255 255 255
129 244 225
86 203 249
255 114 159
211 196 209
255 153 200
252 246 189
208 244 222
169 222 249
228 193 249
32 44 57
40 56 69
184 176 141
242 212 146
242 149 89
236 164 0
234 248 191
0 105 146
39 71 110
0 29 74
4 15 15
36 130 50
43 168 74
45 58 58
252 255 252
95 15 64
154 3 30
251 139 36
227 100 20
15 76 92
33 17 3
61 19 8
123 13 30
159 32 66
248 229 238
247 146 86
251 209 162
125 207 182
0 178 202
29 78 137
12 10 62
123 30 122
179 63 98
249 86 79
243 198 119
5 5 5
27 154 170
221 219 203
245 241 227
255 255 255
255 231 76
255 89 100
255 255 255
56 97 140
53 167 255
255 166 158
255 126 107
140 94 88
169 240 209
255 247 248
39 39 39
254 215 102
0 159 183
105 103 115
239 241 243
1 22 30
18 69 89
89 131 146
174 195 176
239 246 224
237 174 73
209 73 91
0 121 140
48 99 142
0 61 91
47 72 88
51 101 138
134 187 216
246 174 45
242 100 25
8 103 136
7 160 195
240 200 8
255 241 208
221 28 26
8 7 5
64 67 78
112 38 50
145 47 64
255 255 250
239 199 194
255 229 212
191 211 193
104 166 145
105 79 93
31 32 65
75 63 114
255 200 87
17 157 164
25 100 126
239 217 206
222 192 241
183 156 237
149 127 239
113 97 239
229 75 75
255 169 135
247 235 232
68 65 64
30 30 36
221 255 247
147 225 216
255 166 158
170 68 101
70 34 85
13 6 48
24 49 79
56 78 119
139 190 178
230 249 175
151 249 249
164 222 249
193 224 247
207 186 225
197 159 201
247 209 205
232 194 202
209 179 196
179 146 172
115 93 120
10 36 99
62 146 204
255 250 255
216 49 91
30 27 24
37 9 2
56 4 14
100 13 20
128 14 19
173 40 49
142 154 175
203 192 211
239 211 215
254 234 250
222 226 255
235 212 203
218 159 147
182 70 95
137 6 32
44 7 3
114 87 82
135 142 136
150 192 183
212 223 199
254 246 201
4 42 43
94 177 191
205 237 246
239 123 69
216 71 39
83 58 113
97 132 216
80 197 183
156 236 91
240 244 101
85 221 224
51 101 138
47 72 88
246 174 45
242 100 25
102 106 134
120 138 163
146 182 177
178 201 171
232 221 181
204 218 209
156 174 169
120 133 133
111 104 102
56 48 46
204 68 75
218 85 82
223 115 115
227 150 149
228 177 171
238 96 85
96 211 148
170 246 131
255 217 125
255 155 133
66 75 84
179 141 151
213 172 169
235 207 178
197 186 175
247 244 234
222 217 226
192 185 221
128 161 212
117 201 200
70 18 32
140 47 57
178 58 72
252 185 178
254 208 187
88 107 164
50 67 118
245 221 144
246 142 95
247 108 94
250 162 117
255 140 97
206 106 133
152 82 119
92 55 76
11 57 84
8 126 139
191 215 234
255 90 95
200 29 37
195 60 84
37 78 112
55 113 142
142 227 239
174 243 231
131 182 146
249 173 160
249 98 125
198 91 124
91 55 88
219 194 207
159 162 178
60 122 137
46 71 86
22 38 46
112 214 255
255 112 166
255 151 112
255 214 112
233 255 112
77 157 224
225 85 84
225 188 41
59 178 115
119 104 174
107 113 126
239 170 196
255 196 209
255 232 225
212 220 205
167 190 211
198 226 233
241 255 196
255 202 175
218 184 148
255 175 135
255 142 114
237 106 94
76 224 179
55 119 113
22 15 41
36 106 115
54 143 139
243 223 193
221 190 168
41 47 54
78 205 196
255 255 255
255 107 107
255 255 255
154 143 151
195 186 186
233 227 230
178 178 178
115 111 114
31 36 33
33 104 105
73 160 120
156 197 161
220 225 222
159 126 105
210 187 160
242 239 199
247 255 224
255 238 226
83 55 71
95 80 107
106 107 131
118 148 159
134 187 189
0 166 251
5 130 202
0 100 148
0 53 84
5 25 35
229 249 224
163 247 181
64 201 162
47 156 149
102 65 71
186 242 187
186 242 216
186 215 242
242 186 201
242 226 186
92 158 173
255 255 255
50 98 115
238 238 238
227 151 116
1 41 95
67 127 151
132 147 36
255 179 15
253 21 27
63 124 172
149 175 186
189 196 167
213 225 163
226 248 156
0 0 0
12 24 33
27 42 65
50 74 95
204 201 220
247 159 121
247 208 138
227 240 155
135 182 167
91 89 65
3 29 68
4 57 94
112 162 136
218 183 133
213 137 111
66 129 164
72 169 166
228 223 218
212 180 131
193 102 107
0 5 5
59 51 85
93 93 129
191 205 224
254 252 253
147 22 33
40 70 75
50 103 113
44 140 153
66 217 200
255 105 120
255 252 249
177 237 232
109 67 90
53 45 57
190 233 232
98 182 203
27 73 101
202 233 255
95 168 211
10 9 8
34 51 59
234 224 213
198 172 143
94 80 63
238 99 82
89 205 144
63 167 214
250 192 94
247 157 132
218 210 216
20 54 66
15 139 141
236 154 41
168 32 26
35 31 32
187 68 48
126 189 194
243 223 162
239 230 221
246 247 235
233 79 55
57 62 65
63 136 197
68 187 164
255 184 209
228 180 194
231 206 227
224 225 233
221 253 254
15 163 177
181 226 250
249 247 243
237 222 164
247 160 114
7 30 34
29 120 116
103 146 137
244 192 149
238 46 49
19 64 116
19 49 92
11 37 69
141 169 196
238 244 237
66 75 84
147 168 172
255 255 255
226 180 189
155 106 108
55 114 255
240 56 255
239 112 157
226 239 112
112 228 239
206 190 190
236 226 208
213 185 178
162 103 105
109 46 70
61 52 139
118 120 237
247 184 1
241 135 1
243 91 4
12 18 12
194 1 20
109 114 117
199 214 213
236 235 243
233 215 88
41 115 115
255 133 82
230 230 230
57 57 58
107 144 128
164 195 178
204 227 222
234 244 244
246 255 248
237 37 78
249 220 92
244 255 253
1 25 54
70 83 98
34 56 67
239 241 243
219 211 216
216 180 160
215 122 97
255 188 66
216 17 89
143 45 86
33 131 128
115 210 222
3 25 38
70 129 137
119 172 162
157 190 187
244 233 205
241 218 196
166 156 172
71 73 115
22 27 51
13 12 29
0 0 0
207 92 54
238 229 233
124 124 124
239 200 139
99 71 77
170 118 124
214 161 132
255 166 134
254 193 150
242 243 174
237 211 130
252 158 79
244 68 46
2 1 34
107 113 126
239 170 196
255 196 209
255 232 225
212 220 205
167 190 211
198 226 233
241 255 196
255 202 175
218 184 148
255 175 135
255 142 114
237 106 94
76 224 179
55 119 113
22 15 41
36 106 115
54 143 139
243 223 193
221 190 168
41 47 54
78 205 196
255 255 255
255 107 107
255 255 255
154 143 151
195 186 186
233 227 230
178 178 178
115 111 114
31 36 33
33 104 105
73 160 120
156 197 161
220 225 222
159 126 105
210 187 160
242 239 199
247 255 224
255 238 226
83 55 71
95 80 107
106 107 131
118 148 159
134 187 189
229 249 224
163 247 181
64 201 162
47 156 149
102 65 71
186 242 187
186 242 216
186 215 242
242 186 201
242 226 186
92 158 173
255 255 255
50 98 115
238 238 238
227 151 116
1 41 95
67 127 151
132 147 36
255 179 15
253 21 27
63 124 172
149 175 186
189 196 167
213 225 163
226 248 156
0 0 0
12 24 33
27 42 65
50 74 95
204 201 220
247 159 121
247 208 138
227 240 155
135 182 167
91 89 65
164 36 59
216 201 155
216 151 60
189 99 47
39 62 71
3 29 68
4 57 94
112 162 136
218 183 133
213 137 111
66 129 164
72 169 166
228 223 218
212 180 131
193 102 107
0 5 5
59 51 85
93 93 129
191 205 224
254 252 253
147 22 33
40 70 75
50 103 113
44 140 153
66 217 200
255 105 120
255 252 249
177 237 232
109 67 90
53 45 57
190 233 232
98 182 203
27 73 101
202 233 255
95 168 211
10 9 8
34 51 59
234 224 213
198 172 143
94 80 63
238 99 82
89 205 144
63 167 214
250 192 94
247 157 132
218 210 216
20 54 66
15 139 141
236 154 41
168 32 26
35 31 32
187 68 48
126 189 194
243 223 162
239 230 221
246 247 235
233 79 55
57 62 65
63 136 197
68 187 164
255 184 209
228 180 194
231 206 227
224 225 233
221 253 254
15 163 177
181 226 250
249 247 243
237 222 164
247 160 114
7 30 34
29 120 116
103 146 137
244 192 149
238 46 49
19 64 116
19 49 92
11 37 69
141 169 196
238 244 237
66 75 84
147 168 172
255 255 255
226 180 189
155 106 108
55 114 255
240 56 255
239 112 157
226 239 112
112 228 239
206 190 190
236 226 208
213 185 178
162 103 105
109 46 70
61 52 139
118 120 237
247 184 1
241 135 1
243 91 4
12 18 12
194 1 20
109 114 117
199 214 213
236 235 243
233 215 88
41 115 115
255 133 82
230 230 230
57 57 58
107 144 128
164 195 178
204 227 222
234 244 244
246 255 248
237 37 78
249 220 92
244 255 253
1 25 54
70 83 98
34 56 67
239 241 243
219 211 216
216 180 160
215 122 97
255 188 66
216 17 89
143 45 86
33 131 128
115 210 222
3 25 38
70 129 137
119 172 162
157 190 187
244 233 205
241 218 196
166 156 172
71 73 115
22 27 51
13 12 29
0 0 0
207 92 54
238 229 233
124 124 124
239 200 139
99 71 77
170 118 124
214 161 132
255 166 134
254 193 150
242 243 174
237 211 130
252 158 79
244 68 46
2 1 34
107 113 126
239 170 196
255 196 209
255 232 225
212 220 205
255 175 135
255 142 114
237 106 94
76 224 179
55 119 113
22 15 41
36 106 115
54 143 139
243 223 193
221 190 168
41 47 54
78 205 196
255 255 255
255 107 107
255 255 255
154 143 151
195 186 186
233 227 230
178 178 178
115 111 114
31 36 33
33 104 105
73 160 120
156 197 161
220 225 222
159 126 105
210 187 160
242 239 199
247 255 224
255 238 226
83 55 71
95 80 107
106 107 131
118 148 159
134 187 189
0 166 251
5 130 202
0 100 148
0 53 84
5 25 35
229 249 224
163 247 181
64 201 162
47 156 149
102 65 71
186 242 187
186 242 216
186 215 242
242 186 201
242 226 186
92 158 173
255 255 255
50 98 115
238 238 238
227 151 116
1 41 95
67 127 151
132 147 36
255 179 15
253 21 27
63 124 172
149 175 186
189 196 167
213 225 163
226 248 156
0 0 0
12 24 33
27 42 65
50 74 95
204 201 220
247 159 121
247 208 138
227 240 155
135 182 167
91 89 65
164 36 59
216 201 155
216 151 60
189 99 47
39 62 71
3 29 68
4 57 94
112 162 136
218 183 133
213 137 111
66 129 164
72 169 166
228 223 218
212 180 131
193 102 107
0 5 5
59 51 85
93 93 129
191 205 224
254 252 253
147 22 33
40 70 75
50 103 113
44 140 153
66 217 200
255 105 120
255 252 249
177 237 232
109 67 90
53 45 57
190 233 232
98 182 203
27 73 101
202 233 255
95 168 211
10 9 8
34 51 59
234 224 213
198 172 143
94 80 63
238 99 82
89 205 144
63 167 214
250 192 94
247 157 132
218 210 216
20 54 66
15 139 141
236 154 41
168 32 26
35 31 32
187 68 48
126 189 194
243 223 162
239 230 221
246 247 235
233 79 55
57 62 65
63 136 197
68 187 164
255 184 209
228 180 194
231 206 227
224 225 233
221 253 254
15 163 177
181 226 250
249 247 243
237 222 164
247 160 114
7 30 34
29 120 116
103 146 137
244 192 149
238 46 49
19 64 116
19 49 92
11 37 69
141 169 196
238 244 237
66 75 84
147 168 172
255 255 255
226 180 189
155 106 108
55 114 255
240 56 255
239 112 157
226 239 112
112 228 239
206 190 190
236 226 208
213 185 178
162 103 105
109 46 70
61 52 139
118 120 237
247 184 1
241 135 1
243 91 4
12 18 12
194 1 20
109 114 117
199 214 213
236 235 243
233 215 88
41 115 115
255 133 82
230 230 230
57 57 58
107 144 128
164 195 178
204 227 222
234 244 244
246 255 248
237 37 78
249 220 92
244 255 253
1 25 54
70 83 98
255 188 66
216 17 89
143 45 86
33 131 128
115 210 222
3 25 38
70 129 137
119 172 162
157 190 187
244 233 205
241 218 196
166 156 172
71 73 115
22 27 51
13 12 29
0 0 0
207 92 54
238 229 233
124 124 124
239 200 139
99 71 77
170 118 124
214 161 132
255 166 134
254 193 150
242 243 174
237 211 130
252 158 79
244 68 46
2 1 34
107 113 126
239 170 196
255 196 209
255 232 225
212 220 205
167 190 211
198 226 233
241 255 196
255 202 175
218 184 148
255 175 135
255 142 114
237 106 94
76 224 179
55 119 113
22 15 41
36 106 115
54 143 139
243 223 193
221 190 168
41 47 54
78 205 196
255 255 255
255 107 107
255 255 255
154 143 151
195 186 186
233 227 230
178 178 178
115 111 114
31 36 33
33 104 105
73 160 120
156 197 161
220 225 222
159 126 105
210 187 160
242 239 199
247 255 224
255 238 226
83 55 71
95 80 107
106 107 131
118 148 159
134 187 189
0 166 251
5 130 202
0 100 148
0 53 84
5 25 35
229 249 224
163 247 181
64 201 162
47 156 149
102 65 71
186 242 187
186 242 216
186 215 242
242 186 201
242 226 186
92 158 173
255 255 255
50 98 115
238 238 238
227 151 116
1 41 95
67 127 151
132 147 36
255 179 15
253 21 27
63 124 172
149 175 186
189 196 167
213 225 163
226 248 156
0 0 0
12 24 33
27 42 65
50 74 95
204 201 220
247 159 121
247 208 138
227 240 155
135 182 167
91 89 65
164 36 59
216 201 155
216 151 60
189 99 47
39 62 71
3 29 68
4 57 94
112 162 136
218 183 133
213 137 111
66 129 164
72 169 166
228 223 218
212 180 131
193 102 107
0 5 5
59 51 85
93 93 129
191 205 224
254 252 253
147 22 33
40 70 75
50 103 113
44 140 153
66 217 200
255 105 120
255 252 249
177 237 232
109 67 90
53 45 57
190 233 232
98 182 203
27 73 101
202 233 255
95 168 211
10 9 8
34 51 59
234 224 213
198 172 143
94 80 63
238 99 82
89 205 144
63 167 214
250 192 94
247 157 132
218 210 216
20 54 66
15 139 141
236 154 41
168 32 26
35 31 32
187 68 48
126 189 194
243 223 162
239 230 221
246 247 235
233 79 55
57 62 65
63 136 197
68 187 164
255 184 209
228 180 194
231 206 227
224 225 233
221 253 254
15 163 177
181 226 250
249 247 243
237 222 164
247 160 114
7 30 34
29 120 116
103 146 137
244 192 149
238 46 49
19 64 116
19 49 92
11 37 69
141 169 196
238 244 237
55 114 255
240 56 255
239 112 157
226 239 112
112 228 239
206 190 190
236 226 208
213 185 178
162 103 105
109 46 70
61 52 139
118 120 237
247 184 1
241 135 1
243 91 4
12 18 12
194 1 20
109 114 117
199 214 213
236 235 243
233 215 88
41 115 115
255 133 82
230 230 230
57 57 58
107 144 128
164 195 178
204 227 222
234 244 244
246 255 248
237 37 78
249 220 92
244 255 253
1 25 54
70 83 98
34 56 67
239 241 243
219 211 216
216 180 160
215 122 97
255 188 66
216 17 89
143 45 86
33 131 128
115 210 222
3 25 38
70 129 137
119 172 162
157 190 187
244 233 205
241 218 196
166 156 172
71 73 115
22 27 51
13 12 29
0 0 0
207 92 54
238 229 233
124 124 124
239 200 139
99 71 77
170 118 124
214 161 132
255 166 134
254 193 150
242 243 174
237 211 130
252 158 79
244 68 46
2 1 34
107 113 126
239 170 196
255 196 209
255 232 225
212 220 205
167 190 211
198 226 233
241 255 196
255 202 175
218 184 148
255 175 135
255 142 114
237 106 94
76 224 179
55 119 113
22 15 41
36 106 115
54 143 139
243 223 193
221 190 168
41 47 54
78 205 196
255 255 255
255 107 107
255 255 255
154 143 151
195 186 186
233 227 230
178 178 178
115 111 114
31 36 33
33 104 105
73 160 120
156 197 161
220 225 222
159 126 105
210 187 160
242 239 199
247 255 224
255 238 226
83 55 71
95 80 107
106 107 131
118 148 159
134 187 189
0 166 251
5 130 202
0 100 148
0 53 84
5 25 35
229 249 224
163 247 181
64 201 162
47 156 149
102 65 71
186 242 187
186 242 216
186 215 242
242 186 201
242 226 186
92 158 173
255 255 255
50 98 115
238 238 238
227 151 116
1 41 95
67 127 151
132 147 36
255 179 15
253 21 27
63 124 172
149 175 186
189 196 167
213 225 163
226 248 156
0 0 0
12 24 33
27 42 65
50 74 95
204 201 220
247 159 121
247 208 138
227 240 155
135 182 167
91 89 65
164 36 59
216 201 155
216 151 60
189 99 47
39 62 71
3 29 68
4 57 94
112 162 136
218 183 133
213 137 111
66 129 164
72 169 166
228 223 218
212 180 131
193 102 107
0 5 5
59 51 85
93 93 129
191 205 224
254 252 253
147 22 33
40 70 75
50 103 113
44 140 153
66 217 200
255 105 120
255 252 249
177 237 232
109 67 90
53 45 57
190 233 232
98 182 203
27 73 101
202 233 255
95 168 211
10 9 8
34 51 59
234 224 213
198 172 143
94 80 63
218 210 216
20 54 66
15 139 141
236 154 41
168 32 26
35 31 32
187 68 48
126 189 194
243 223 162
239 230 221
246 247 235
233 79 55
57 62 65
63 136 197
68 187 164
255 184 209
228 180 194
231 206 227
224 225 233
221 253 254
15 163 177
181 226 250
249 247 243
237 222 164
247 160 114
7 30 34
29 120 116
103 146 137
244 192 149
238 46 49
19 64 116
19 49 92
11 37 69
141 169 196
238 244 237
66 75 84
147 168 172
255 255 255
226 180 189
155 106 108
55 114 255
240 56 255
239 112 157
226 239 112
112 228 239
206 190 190
236 226 208
213 185 178
162 103 105
109 46 70
61 52 139
118 120 237
247 184 1
241 135 1
243 91 4
12 18 12
194 1 20
109 114 117
199 214 213
236 235 243
233 215 88
41 115 115
255 133 82
230 230 230
57 57 58
107 144 128
164 195 178
204 227 222
234 244 244
246 255 248
237 37 78
249 220 92
244 255 253
1 25 54
70 83 98
34 56 67
239 241 243
219 211 216
216 180 160
215 122 97
255 188 66
216 17 89
143 45 86
33 131 128
115 210 222
3 25 38
70 129 137
119 172 162
157 190 187
244 233 205
241 218 196
166 156 172
71 73 115
22 27 51
13 12 29
0 0 0
207 92 54
238 229 233
124 124 124
239 200 139
99 71 77
170 118 124
214 161 132
255 166 134
254 193 150
242 243 174
237 211 130
252 158 79
244 68 46
2 1 34
107 113 126
239 170 196
255 196 209
255 232 225
212 220 205
167 190 211
198 226 233
241 255 196
255 202 175
218 184 148
255 175 135
255 142 114
237 106 94
76 224 179
55 119 113
22 15 41
36 106 115
54 143 139
243 223 193
221 190 168
41 47 54
78 205 196
255 255 255
255 107 107
255 255 255
154 143 151
195 186 186
233 227 230
178 178 178
115 111 114
31 36 33
33 104 105
73 160 120
156 197 161
220 225 222
159 126 105
210 187 160
242 239 199
247 255 224
255 238 226
83 55 71
95 80 107
106 107 131
118 148 159
134 187 189
0 166 251
5 130 202
0 100 148
0 53 84
5 25 35
229 249 224
163 247 181
64 201 162
47 156 149
102 65 71
186 242 187
186 242 216
186 215 242
242 186 201
242 226 186
92 158 173
255 255 255
50 98 115
238 238 238
227 151 116
1 41 95
67 127 151
132 147 36
255 179 15
253 21 27
63 124 172
149 175 186
189 196 167
213 225 163
226 248 156
0 0 0
12 24 33
27 42 65
50 74 95
204 201 220
247 159 121
247 208 138
227 240 155
135 182 167
91 89 65
3 29 68
4 57 94
112 162 136
218 183 133
213 137 111
66 129 164
72 169 166
228 223 218
212 180 131
193 102 107
0 5 5
59 51 85
93 93 129
191 205 224
254 252 253
147 22 33
40 70 75
50 103 113
44 140 153
66 217 200
255 105 120
255 252 249
177 237 232
109 67 90
53 45 57
190 233 232
98 182 203
27 73 101
202 233 255
95 168 211
10 9 8
34 51 59
234 224 213
198 172 143
94 80 63
238 99 82
89 205 144
63 167 214
250 192 94
247 157 132
218 210 216
20 54 66
15 139 141
236 154 41
168 32 26
35 31 32
187 68 48
126 189 194
243 223 162
239 230 221
246 247 235
233 79 55
57 62 65
63 136 197
68 187 164
255 184 209
228 180 194
231 206 227
224 225 233
221 253 254
15 163 177
181 226 250
249 247 243
237 222 164
247 160 114
7 30 34
29 120 116
103 146 137
244 192 149
238 46 49
19 64 116
19 49 92
11 37 69
141 169 196
238 244 237
66 75 84
147 168 172
255 255 255
226 180 189
155 106 108
55 114 255
240 56 255
239 112 157
226 239 112
112 228 239
206 190 190
236 226 208
213 185 178
162 103 105
109 46 70
61 52 139
118 120 237
247 184 1
241 135 1
243 91 4
12 18 12
194 1 20
109 114 117
199 214 213
236 235 243
233 215 88
41 115 115
255 133 82
230 230 230
57 57 58
107 144 128
164 195 178
204 227 222
234 244 244
246 255 248
237 37 78
249 220 92
244 255 253
1 25 54
70 83 98
34 56 67
239 241 243
219 211 216
216 180 160
215 122 97
255 188 66
216 17 89
143 45 86
33 131 128
115 210 222
3 25 38
70 129 137
119 172 162
157 190 187
244 233 205
241 218 196
166 156 172
71 73 115
22 27 51
13 12 29
0 0 0
207 92 54
238 229 233
124 124 124
239 200 139
99 71 77
170 118 124
214 161 132
255 166 134
254 193 150
242 243 174
237 211 130
252 158 79
244 68 46
2 1 34
107 113 126
239 170 196
255 196 209
255 232 225
212 220 205
167 190 211
198 226 233
241 255 196
255 202 175
218 184 148
255 175 135
255 142 114
237 106 94
76 224 179
55 119 113
22 15 41
36 106 115
54 143 139
243 223 193
221 190 168
41 47 54
78 205 196
255 255 255
255 107 107
255 255 255
154 143 151
195 186 186
233 227 230
178 178 178
115 111 114
31 36 33
33 104 105
73 160 120
156 197 161
220 225 222
159 126 105
210 187 160
242 239 199
247 255 224
255 238 226
83 55 71
95 80 107
106 107 131
118 148 159
134 187 189
229 249 224
163 247 181
64 201 162
47 156 149
102 65 71
186 242 187
186 242 216
186 215 242
242 186 201
242 226 186
92 158 173
255 255 255
50 98 115
238 238 238
227 151 116
1 41 95
67 127 151
132 147 36
255 179 15
253 21 27
63 124 172
149 175 186
189 196 167
213 225 163
226 248 156
0 0 0
12 24 33
27 42 65
50 74 95
204 201 220
247 159 121
247 208 138
227 240 155
135 182 167
91 89 65
164 36 59
216 201 155
216 151 60
189 99 47
39 62 71
3 29 68
4 57 94
112 162 136
218 183 133
213 137 111
66 129 164
72 169 166
228 223 218
212 180 131
193 102 107
0 5 5
59 51 85
93 93 129
191 205 224
254 252 253
147 22 33
40 70 75
50 103 113
44 140 153
66 217 200
255 105 120
255 252 249
177 237 232
109 67 90
53 45 57
190 233 232
98 182 203
27 73 101
202 233 255
95 168 211
10 9 8
34 51 59
234 224 213
198 172 143
94 80 63
238 99 82
89 205 144
63 167 214
250 192 94
247 157 132
218 210 216
20 54 66
15 139 141
236 154 41
168 32 26
35 31 32
187 68 48
126 189 194
243 223 162
239 230 221
246 247 235
233 79 55
57 62 65
63 136 197
68 187 164
255 184 209
228 180 194
231 206 227
224 225 233
221 253 254
15 163 177
181 226 250
249 247 243
237 222 164
247 160 114
7 30 34
29 120 116
103 146 137
244 192 149
238 46 49
19 64 116
19 49 92
11 37 69
141 169 196
238 244 237
66 75 84
147 168 172
255 255 255
226 180 189
155 106 108
55 114 255
240 56 255
239 112 157
226 239 112
112 228 239
206 190 190
236 226 208
213 185 178
162 103 105
109 46 70
61 52 139
118 120 237
247 184 1
241 135 1
243 91 4
12 18 12
194 1 20
109 114 117
199 214 213
236 235 243
233 215 88
41 115 115
255 133 82
230 230 230
57 57 58
107 144 128
164 195 178
204 227 222
234 244 244
246 255 248
237 37 78
249 220 92
244 255 253
1 25 54
70 83 98
34 56 67
239 241 243
219 211 216
216 180 160
215 122 97
255 188 66
216 17 89
143 45 86
33 131 128
115 210 222
3 25 38
70 129 137
119 172 162
157 190 187
244 233 205
241 218 196
166 156 172
71 73 115
22 27 51
13 12 29
0 0 0
207 92 54
238 229 233
124 124 124
239 200 139
99 71 77
170 118 124
214 161 132
255 166 134
254 193 150
242 243 174
237 211 130
252 158 79
244 68 46
2 1 34
107 113 126
239 170 196
255 196 209
255 232 225
212 220 205
255 175 135
255 142 114
237 106 94
76 224 179
55 119 113
22 15 41
36 106 115
54 143 139
243 223 193
221 190 168
41 47 54
78 205 196
255 255 255
255 107 107
255 255 255
154 143 151
195 186 186
233 227 230
178 178 178
115 111 114
31 36 33
33 104 105
73 160 120
156 197 161
220 225 222
159 126 105
210 187 160
242 239 199
247 255 224
255 238 226
83 55 71
95 80 107
106 107 131
118 148 159
134 187 189
0 166 251
5 130 202
0 100 148
0 53 84
5 25 35
229 249 224
163 247 181
64 201 162
47 156 149
102 65 71
186 242 187
186 242 216
186 215 242
242 186 201
242 226 186
92 158 173
255 255 255
50 98 115
238 238 238
227 151 116
1 41 95
67 127 151
132 147 36
255 179 15
253 21 27
63 124 172
149 175 186
189 196 167
213 225 163
226 248 156
0 0 0
12 24 33
27 42 65
50 74 95
204 201 220
247 159 121
247 208 138
227 240 155
135 182 167
91 89 65
164 36 59
216 201 155
216 151 60
189 99 47
39 62 71
3 29 68
4 57 94
112 162 136
218 183 133
213 137 111
66 129 164
72 169 166
228 223 218
212 180 131
193 102 107
0 5 5
59 51 85
93 93 129
191 205 224
254 252 253
147 22 33
40 70 75
50 103 113
44 140 153
66 217 200
255 105 120
255 252 249
177 237 232
109 67 90
53 45 57
190 233 232
98 182 203
27 73 101
202 233 255
95 168 211
10 9 8
34 51 59
234 224 213
198 172 143
94 80 63
238 99 82
89 205 144
63 167 214
250 192 94
247 157 132
218 210 216
20 54 66
15 139 141
236 154 41
168 32 26
35 31 32
187 68 48
126 189 194
243 223 162
239 230 221
246 247 235
233 79 55
57 62 65
63 136 197
68 187 164
255 184 209
228 180 194
231 206 227
224 225 233
221 253 254
15 163 177
181 226 250
249 247 243
237 222 164
247 160 114
7 30 34
29 120 116
103 146 137
244 192 149
238 46 49
19 64 116
19 49 92
11 37 69
141 169 196
238 244 237
66 75 84
147 168 172
255 255 255
226 180 189
155 106 108
55 114 255
240 56 255
239 112 157
226 239 112
112 228 239
206 190 190
236 226 208
213 185 178
162 103 105
109 46 70
61 52 139
118 120 237
247 184 1
241 135 1
243 91 4
12 18 12
194 1 20
109 114 117
199 214 213
236 235 243
233 215 88
41 115 115
255 133 82
230 230 230
57 57 58
107 144 128
164 195 178
204 227 222
234 244 244
246 255 248
237 37 78
249 220 92
244 255 253
1 25 54
70 83 98
255 188 66
216 17 89
143 45 86
33 131 128
115 210 222
3 25 38
70 129 137
119 172 162
157 190 187
244 233 205
241 218 196
166 156 172
71 73 115
22 27 51
13 12 29
0 0 0
207 92 54
238 229 233
124 124 124
239 200 139
99 71 77
170 118 124
214 161 132
255 166 134
254 193 150
242 243 174
237 211 130
252 158 79
244 68 46
2 1 34
107 113 126
239 170 196
255 196 209
255 232 225
212 220 205
167 190 211
198 226 233
241 255 196
255 202 175
218 184 148
255 175 135
255 142 114
237 106 94
76 224 179
55 119 113
22 15 41
36 106 115
54 143 139
243 223 193
221 190 168
41 47 54
78 205 196
255 255 255
255 107 107
255 255 255
154 143 151
195 186 186
233 227 230
178 178 178
115 111 114
31 36 33
33 104 105
73 160 120
156 197 161
220 225 222
159 126 105
210 187 160
242 239 199
247 255 224
255 238 226
83 55 71
95 80 107
106 107 131
118 148 159
134 187 189
0 166 251
5 130 202
0 100 148
0 53 84
5 25 35
229 249 224
163 247 181
64 201 162
47 156 149
102 65 71
186 242 187
186 242 216
186 215 242
242 186 201
242 226 186
92 158 173
255 255 255
50 98 115
238 238 238
227 151 116
1 41 95
67 127 151
132 147 36
255 179 15
253 21 27
63 124 172
149 175 186
189 196 167
213 225 163
226 248 156
0 0 0
12 24 33
27 42 65
50 74 95
204 201 220
247 159 121
247 208 138
227 240 155
135 182 167
91 89 65
164 36 59
216 201 155
216 151 60
189 99 47
39 62 71
3 29 68
4 57 94
112 162 136
218 183 133
213 137 111
66 129 164
72 169 166
228 223 218
212 180 131
193 102 107
0 5 5
59 51 85
93 93 129
191 205 224
254 252 253
147 22 33
40 70 75
50 103 113
44 140 153
66 217 200
255 105 120
255 252 249
177 237 232
109 67 90
53 45 57
190 233 232
98 182 203
27 73 101
202 233 255
95 168 211
10 9 8
34 51 59
234 224 213
198 172 143
94 80 63
238 99 82
89 205 144
63 167 214
250 192 94
247 157 132
218 210 216
20 54 66
15 139 141
236 154 41
168 32 26
35 31 32
187 68 48
126 189 194
243 223 162
239 230 221
246 247 235
233 79 55
57 62 65
63 136 197
68 187 164
255 184 209
228 180 194
231 206 227
224 225 233
221 253 254
15 163 177
181 226 250
249 247 243
237 222 164
247 160 114
7 30 34
29 120 116
103 146 137
244 192 149
238 46 49
19 64 116
19 49 92
11 37 69
141 169 196
238 244 237
55 114 255
240 56 255
239 112 157
226 239 112
112 228 239
206 190 190
236 226 208
213 185 178
162 103 105
109 46 70
61 52 139
118 120 237
247 184 1
241 135 1
243 91 4
12 18 12
194 1 20
109 114 117
199 214 213
236 235 243
233 215 88
41 115 115
255 133 82
230 230 230
57 57 58
107 144 128
164 195 178
204 227 222
234 244 244
246 255 248
237 37 78
249 220 92
244 255 253
1 25 54
70 83 98
34 56 67
239 241 243
219 211 216
216 180 160
215 122 97
255 188 66
216 17 89
143 45 86
33 131 128
115 210 222
3 25 38
70 129 137
119 172 162
157 190 187
244 233 205
241 218 196
166 156 172
71 73 115
22 27 51
13 12 29
0 0 0
207 92 54
238 229 233
124 124 124
239 200 139
99 71 77
170 118 124
214 161 132
255 166 134
254 193 150
242 243 174
237 211 130
252 158 79
244 68 46
2 1 34
107 113 126
239 170 196
255 196 209
255 232 225
212 220 205
167 190 211
198 226 233
241 255 196
255 202 175
218 184 148
255 175 135
255 142 114
237 106 94
76 224 179
55 119 113
22 15 41
36 106 115
54 143 139
243 223 193
221 190 168
41 47 54
78 205 196
255 255 255
255 107 107
255 255 255
154 143 151
195 186 186
233 227 230
178 178 178
115 111 114
31 36 33
33 104 105
73 160 120
156 197 161
220 225 222
159 126 105
210 187 160
242 239 199
247 255 224
255 238 226
83 55 71
95 80 107
106 107 131
118 148 159
134 187 189
0 166 251
5 130 202
0 100 148
0 53 84
5 25 35
229 249 224
163 247 181
64 201 162
47 156 149
102 65 71
186 242 187
186 242 216
186 215 242
242 186 201
242 226 186
92 158 173
255 255 255
50 98 115
238 238 238
227 151 116
1 41 95
67 127 151
132 147 36
255 179 15
253 21 27
63 124 172
149 175 186
189 196 167
213 225 163
226 248 156
0 0 0
12 24 33
27 42 65
50 74 95
204 201 220
247 159 121
247 208 138
227 240 155
135 182 167
91 89 65
164 36 59
216 201 155
216 151 60
189 99 47
39 62 71
3 29 68
4 57 94
112 162 136
218 183 133
213 137 111
66 129 164
72 169 166
228 223 218
212 180 131
193 102 107
0 5 5
59 51 85
93 93 129
191 205 224
254 252 253
147 22 33
40 70 75
50 103 113
44 140 153
66 217 200
255 105 120
255 252 249
177 237 232
109 67 90
53 45 57
190 233 232
98 182 203
27 73 101
202 233 255
95 168 211
10 9 8
34 51 59
234 224 213
198 172 143
94 80 63
218 210 216
20 54 66
15 139 141
236 154 41
168 32 26
35 31 32
187 68 48
126 189 194
243 223 162
239 230 221
246 247 235
233 79 55
57 62 65
63 136 197
68 187 164
255 184 209
228 180 194
231 206 227
224 225 233
221 253 254
15 163 177
181 226 250
249 247 243
237 222 164
247 160 114
7 30 34
29 120 116
103 146 137
244 192 149
238 46 49
19 64 116
19 49 92
11 37 69
141 169 196
238 244 237
66 75 84
147 168 172
255 255 255
226 180 189
155 106 108
55 114 255
240 56 255
239 112 157
226 239 112
112 228 239
206 190 190
236 226 208
213 185 178
162 103 105
109 46 70
61 52 139
118 120 237
247 184 1
241 135 1
243 91 4
12 18 12
194 1 20
109 114 117
199 214 213
236 235 243
233 215 88
41 115 115
255 133 82
230 230 230
57 57 58
107 144 128
164 195 178
204 227 222
234 244 244
246 255 248
237 37 78
249 220 92
244 255 253
1 25 54
70 83 98
34 56 67
239 241 243
219 211 216
216 180 160
215 122 97
255 188 66
216 17 89
143 45 86
33 131 128
115 210 222
3 25 38
70 129 137
119 172 162
157 190 187
244 233 205
241 218 196
166 156 172
71 73 115
22 27 51
13 12 29
0 0 0
207 92 54
238 229 233
124 124 124
239 200 139
99 71 77
170 118 124
214 161 132
255 166 134
254 193 150
242 243 174
237 211 130
252 158 79
244 68 46
2 1 34
107 113 126
239 170 196
255 196 209
255 232 225
212 220 205
167 190 211
198 226 233
241 255 196
255 202 175
218 184 148
255 175 135
255 142 114
237 106 94
76 224 179
55 119 113
22 15 41
36 106 115
54 143 139
243 223 193
221 190 168
41 47 54
78 205 196
255 255 255
255 107 107
255 255 255
154 143 151
195 186 186
233 227 230
178 178 178
115 111 114
31 36 33
33 104 105
73 160 120
156 197 161
220 225 222
159 126 105
210 187 160
242 239 199
247 255 224
255 238 226
83 55 71
95 80 107
106 107 131
118 148 159
134 187 189
0 166 251
5 130 202
0 100 148
0 53 84
5 25 35
229 249 224
163 247 181
64 201 162
47 156 149
102 65 71
186 242 187
186 242 216
186 215 242
242 186 201
242 226 186
92 158 173
255 255 255
50 98 115
238 238 238
227 151 116
1 41 95
67 127 151
132 147 36
255 179 15
253 21 27
63 124 172
149 175 186
189 196 167
213 225 163
226 248 156
0 0 0
12 24 33
27 42 65
50 74 95
204 201 220
247 159 121
247 208 138
227 240 155
135 182 167
91 89 65
3 29 68
4 57 94
112 162 136
218 183 133
213 137 111
66 129 164
72 169 166
228 223 218
212 180 131
193 102 107
0 5 5
59 51 85
93 93 129
191 205 224
254 252 253
147 22 33
40 70 75
50 103 113
44 140 153
66 217 200
255 105 120
255 252 249
177 237 232
109 67 90
53 45 57
190 233 232
98 182 203
27 73 101
202 233 255
95 168 211
10 9 8
34 51 59
234 224 213
198 172 143
94 80 63
238 99 82
89 205 144
63 167 214
250 192 94
247 157 132
218 210 216
20 54 66
15 139 141
236 154 41
168 32 26
35 31 32
187 68 48
126 189 194
243 223 162
239 230 221
246 247 235
233 79 55
57 62 65
63 136 197
68 187 164
255 184 209
228 180 194
231 206 227
224 225 233
221 253 254
15 163 177
181 226 250
249 247 243
237 222 164
247 160 114
7 30 34
29 120 116
103 146 137
244 192 149
238 46 49
19 64 116
19 49 92
11 37 69
141 169 196
238 244 237
66 75 84
147 168 172
255 255 255
226 180 189
155 106 108
55 114 255
240 56 255
239 112 157
226 239 112
112 228 239
206 190 190
236 226 208
213 185 178
162 103 105
109 46 70
61 52 139
118 120 237
247 184 1
241 135 1
243 91 4
12 18 12
194 1 20
109 114 117
199 214 213
236 235 243
233 215 88
41 115 115
255 133 82
230 230 230
57 57 58
107 144 128
164 195 178
204 227 222
234 244 244
246 255 248
237 37 78
249 220 92
244 255 253
1 25 54
70 83 98
34 56 67
239 241 243
219 211 216
216 180 160
215 122 97
255 188 66
216 17 89
143 45 86
33 131 128
115 210 222
3 25 38
70 129 137
119 172 162
157 190 187
244 233 205
241 218 196
166 156 172
71 73 115
22 27 51
13 12 29
0 0 0
207 92 54
238 229 233
124 124 124
239 200 139
99 71 77
170 118 124
214 161 132
255 166 134
254 193 150
242 243 174
237 211 130
252 158 79
244 68 46
2 1 34
107 113 126
239 170 196
255 196 209
255 232 225
212 220 205
167 190 211
198 226 233
241 255 196
255 202 175
218 184 148
255 175 135
255 142 114
237 106 94
76 224 179
55 119 113
22 15 41
36 106 115
54 143 139
243 223 193
221 190 168
41 47 54
78 205 196
255 255 255
255 107 107
255 255 255
154 143 151
195 186 186
233 227 230
178 178 178
115 111 114
31 36 33
33 104 105
73 160 120
156 197 161
220 225 222
159 126 105
210 187 160
242 239 199
247 255 224
255 238 226
83 55 71
95 80 107
106 107 131
118 148 159
134 187 189
229 249 224
163 247 181
64 201 162
47 156 149
102 65 71
186 242 187
186 242 216
186 215 242
242 186 201
242 226 186
92 158 173
255 255 255
50 98 115
238 238 238
227 151 116
1 41 95
67 127 151
132 147 36
255 179 15
253 21 27
63 124 172
149 175 186
189 196 167
213 225 163
226 248 156
0 0 0
12 24 33
27 42 65
50 74 95
204 201 220
247 159 121
247 208 138
227 240 155
135 182 167
91 89 65
164 36 59
216 201 155
216 151 60
189 99 47
39 62 71
3 29 68
4 57 94
112 162 136
218 183 133
213 137 111
66 129 164
72 169 166
228 223 218
212 180 131
193 102 107
0 5 5
59 51 85
93 93 129
191 205 224
254 252 253
147 22 33
40 70 75
50 103 113
44 140 153
66 217 200
255 105 120
255 252 249
177 237 232
109 67 90
53 45 57
190 233 232
98 182 203
27 73 101
202 233 255
95 168 211
10 9 8
34 51 59
234 224 213
198 172 143
94 80 63
238 99 82
89 205 144
63 167 214
250 192 94
247 157 132
218 210 216
20 54 66
15 139 141
236 154 41
168 32 26
35 31 32
187 68 48
126 189 194
243 223 162
239 230 221
246 247 235
233 79 55
57 62 65
63 136 197
68 187 164
255 184 209
228 180 194
231 206 227
224 225 233
221 253 254
15 163 177
181 226 250
249 247 243
237 222 164
247 160 114
7 30 34
29 120 116
103 146 137
244 192 149
238 46 49
19 64 116
19 49 92
11 37 69
141 169 196
238 244 237
66 75 84
147 168 172
255 255 255
226 180 189
155 106 108
55 114 255
240 56 255
239 112 157
226 239 112
112 228 239
206 190 190
236 226 208
213 185 178
162 103 105
109 46 70
61 52 139
118 120 237
247 184 1
241 135 1
243 91 4
12 18 12
194 1 20
109 114 117
199 214 213
236 235 243
233 215 88
41 115 115
255 133 82
230 230 230
57 57 58
107 144 128
164 195 178
204 227 222
234 244 244
246 255 248
237 37 78
249 220 92
244 255 253
1 25 54
70 83 98
34 56 67
239 241 243
219 211 216
216 180 160
215 122 97
255 188 66
216 17 89
143 45 86
33 131 128
115 210 222
3 25 38
70 129 137
119 172 162
157 190 187
244 233 205
241 218 196
166 156 172
71 73 115
22 27 51
13 12 29
0 0 0
207 92 54
238 229 233
124 124 124
239 200 139
99 71 77
170 118 124
214 161 132
255 166 134
254 193 150
242 243 174
237 211 130
252 158 79
244 68 46
2 1 34
107 113 126
239 170 196
255 196 209
255 232 225
212 220 205
255 175 135
255 142 114
237 106 94
76 224 179
55 119 113
22 15 41
36 106 115
54 143 139
243 223 193
221 190 168
41 47 54
78 205 196
255 255 255
255 107 107
255 255 255
154 143 151
195 186 186
233 227 230
178 178 178
115 111 114
31 36 33
33 104 105
73 160 120
156 197 161
220 225 222
159 126 105
210 187 160
242 239 199
247 255 224
255 238 226
83 55 71
95 80 107
106 107 131
118 148 159
134 187 189
0 166 251
5 130 202
0 100 148
0 53 84
5 25 35
229 249 224
163 247 181
64 201 162
47 156 149
102 65 71
186 242 187
186 242 216
186 215 242
242 186 201
242 226 186
92 158 173
255 255 255
50 98 115
238 238 238
227 151 116
1 41 95
67 127 151
132 147 36
255 179 15
253 21 27
63 124 172
149 175 186
189 196 167
213 225 163
226 248 156
0 0 0
12 24 33
27 42 65
50 74 95
204 201 220
247 159 121
247 208 138
227 240 155
135 182 167
91 89 65
164 36 59
216 201 155
216 151 60
189 99 47
39 62 71
3 29 68
4 57 94
112 162 136
218 183 133
213 137 111
66 129 164
72 169 166
228 223 218
212 180 131
193 102 107
0 5 5
59 51 85
93 93 129
191 205 224
254 252 253
147 22 33
40 70 75
50 103 113
44 140 153
66 217 200
255 105 120
255 252 249
177 237 232
109 67 90
53 45 57
190 233 232
98 182 203
27 73 101
202 233 255
95 168 211
10 9 8
34 51 59
234 224 213
198 172 143
94 80 63
238 99 82
89 205 144
63 167 214
250 192 94
247 157 132
218 210 216
20 54 66
15 139 141
236 154 41
168 32 26
35 31 32
187 68 48
126 189 194
243 223 162
239 230 221
246 247 235
233 79 55
57 62 65
63 136 197
68 187 164
255 184 209
228 180 194
231 206 227
224 225 233
221 253 254
15 163 177
181 226 250
249 247 243
237 222 164
247 160 114
7 30 34
29 120 116
103 146 137
244 192 149
238 46 49
19 64 116
19 49 92
11 37 69
141 169 196
238 244 237
66 75 84
147 168 172
255 255 255
226 180 189
155 106 108
55 114 255
240 56 255
239 112 157
226 239 112
112 228 239
206 190 190
236 226 208
213 185 178
162 103 105
109 46 70
61 52 139
118 120 237
247 184 1
241 135 1
243 91 4
12 18 12
194 1 20
109 114 117
199 214 213
236 235 243
233 215 88
41 115 115
255 133 82
230 230 230
57 57 58
107 144 128
164 195 178
204 227 222
234 244 244
246 255 248
237 37 78
249 220 92
244 255 253
1 25 54
70 83 98
255 188 66
216 17 89
143 45 86
33 131 128
115 210 222
3 25 38
70 129 137
119 172 162
157 190 187
244 233 205
241 218 196
166 156 172
71 73 115
22 27 51
13 12 29
0 0 0
207 92 54
238 229 233
124 124 124
239 200 139
99 71 77
170 118 124
214 161 132
255 166 134
254 193 150
242 243 174
237 211 130
252 158 79
244 68 46
2 1 34
107 113 126
239 170 196
255 196 209
255 232 225
212 220 205
167 190 211
198 226 233
241 255 196
255 202 175
218 184 148
255 175 135
255 142 114
237 106 94
76 224 179
55 119 113
22 15 41
36 106 115
54 143 139
243 223 193
221 190 168
41 47 54
78 205 196
255 255 255
255 107 107
255 255 255
154 143 151
195 186 186
233 227 230
178 178 178
115 111 114
31 36 33
33 104 105
73 160 120
156 197 161
220 225 222
159 126 105
210 187 160
242 239 199
247 255 224
255 238 226
83 55 71
95 80 107
106 107 131
118 148 159
134 187 189
0 166 251
5 130 202
0 100 148
0 53 84
5 25 35
229 249 224
163 247 181
64 201 162
47 156 149
102 65 71
186 242 187
186 242 216
186 215 242
242 186 201
242 226 186
92 158 173
255 255 255
50 98 115
238 238 238
227 151 116
1 41 95
67 127 151
132 147 36
255 179 15
253 21 27
63 124 172
149 175 186
189 196 167
213 225 163
226 248 156
0 0 0
12 24 33
27 42 65
50 74 95
204 201 220
247 159 121
247 208 138
227 240 155
135 182 167
91 89 65
164 36 59
216 201 155
216 151 60
189 99 47
39 62 71
3 29 68
4 57 94
112 162 136
218 183 133
213 137 111
66 129 164
72 169 166
228 223 218
212 180 131
193 102 107
0 5 5
59 51 85
93 93 129
191 205 224
254 252 253
147 22 33
40 70 75
50 103 113
44 140 153
66 217 200
255 105 120
255 252 249
177 237 232
109 67 90
53 45 57
190 233 232
98 182 203
27 73 101
202 233 255
95 168 211
10 9 8
34 51 59
234 224 213
198 172 143
94 80 63
238 99 82
89 205 144
63 167 214
250 192 94
247 157 132
218 210 216
20 54 66
15 139 141
236 154 41
168 32 26
35 31 32
187 68 48
126 189 194
243 223 162
239 230 221
246 247 235
233 79 55
57 62 65
63 136 197
68 187 164
255 184 209
228 180 194
231 206 227
224 225 233
221 253 254
15 163 177
181 226 250
249 247 243
237 222 164
247 160 114
7 30 34
29 120 116
103 146 137
244 192 149
238 46 49
19 64 116
19 49 92
11 37 69
141 169 196
238 244 237
55 114 255
240 56 255
239 112 157
226 239 112
112 228 239
206 190 190
236 226 208
213 185 178
162 103 105
109 46 70
61 52 139
118 120 237
247 184 1
241 135 1
243 91 4
12 18 12
194 1 20
109 114 117
199 214 213
236 235 243
233 215 88
41 115 115
255 133 82
230 230 230
57 57 58
107 144 128
164 195 178
204 227 222
234 244 244
246 255 248
237 37 78
249 220 92
244 255 253
1 25 54
70 83 98
34 56 67
239 241 243
219 211 216
216 180 160
215 122 97
255 188 66
216 17 89
143 45 86
33 131 128
115 210 222
3 25 38
70 129 137
119 172 162
157 190 187
244 233 205
241 218 196
166 156 172
71 73 115
22 27 51
13 12 29
0 0 0
207 92 54
238 229 233
124 124 124
239 200 139
99 71 77
170 118 124
214 161 132
255 166 134
254 193 150
242 243 174
237 211 130
252 158 79
244 68 46
2 1 34
107 113 126
239 170 196
255 196 209
255 232 225
212 220 205
167 190 211
198 226 233
241 255 196
255 202 175
218 184 148
255 175 135
255 142 114
237 106 94
76 224 179
55 119 113
22 15 41
36 106 115
54 143 139
243 223 193
221 190 168
41 47 54
78 205 196
255 255 255
255 107 107
255 255 255
154 143 151
195 186 186
233 227 230
178 178 178
115 111 114
31 36 33
33 104 105
73 160 120
156 197 161
220 225 222
159 126 105
210 187 160
242 239 199
247 255 224
255 238 226
83 55 71
95 80 107
106 107 131
118 148 159
134 187 189
0 166 251
5 130 202
0 100 148
0 53 84
5 25 35
229 249 224
163 247 181
64 201 162
47 156 149
102 65 71
186 242 187
186 242 216
186 215 242
242 186 201
242 226 186
92 158 173
255 255 255
50 98 115
238 238 238
227 151 116
1 41 95
67 127 151
132 147 36
255 179 15
253 21 27
63 124 172
149 175 186
189 196 167
213 225 163
226 248 156
0 0 0
12 24 33
27 42 65
50 74 95
204 201 220
247 159 121
247 208 138
227 240 155
135 182 167
91 89 65
164 36 59
216 201 155
216 151 60
189 99 47
39 62 71
3 29 68
4 57 94
112 162 136
218 183 133
213 137 111
66 129 164
72 169 166
228 223 218
212 180 131
193 102 107
0 5 5
59 51 85
93 93 129
191 205 224
254 252 253
147 22 33
40 70 75
50 103 113
44 140 153
66 217 200
255 105 120
255 252 249
177 237 232
109 67 90
53 45 57
190 233 232
98 182 203
27 73 101
202 233 255
95 168 211
10 9 8
34 51 59
234 224 213
198 172 143
94 80 63
218 210 216
20 54 66
15 139 141
236 154 41
168 32 26
35 31 32
187 68 48
126 189 194
243 223 162
239 230 221
246 247 235
233 79 55
57 62 65
63 136 197
68 187 164
255 184 209
228 180 194
231 206 227
224 225 233
221 253 254
15 163 177
181 226 250
249 247 243
237 222 164
247 160 114
7 30 34
29 120 116
103 146 137
244 192 149
238 46 49
19 64 116
19 49 92
11 37 69
141 169 196
238 244 237
66 75 84
147 168 172
255 255 255
226 180 189
155 106 108
55 114 255
240 56 255
239 112 157
226 239 112
112 228 239
206 190 190
236 226 208
213 185 178
162 103 105
109 46 70
61 52 139
118 120 237
247 184 1
241 135 1
243 91 4
12 18 12
194 1 20
109 114 117
199 214 213
236 235 243
233 215 88
41 115 115
255 133 82
230 230 230
57 57 58
107 144 128
164 195 178
204 227 222
234 244 244
246 255 248
237 37 78
249 220 92
244 255 253
1 25 54
70 83 98
34 56 67
239 241 243
219 211 216
216 180 160
215 122 97
255 188 66
216 17 89
143 45 86
33 131 128
115 210 222
3 25 38
70 129 137
119 172 162
157 190 187
244 233 205
241 218 196
166 156 172
71 73 115
22 27 51
13 12 29
0 0 0
207 92 54
238 229 233
124 124 124
239 200 139
99 71 77
170 118 124
214 161 132
255 166 134
254 193 150
242 243 174
237 211 130
252 158 79
244 68 46
2 1 34
107 113 126
239 170 196
255 196 209
255 232 225
212 220 205
167 190 211
198 226 233
241 255 196
255 202 175
218 184 148
255 175 135
255 142 114
237 106 94
76 224 179
55 119 113
22 15 41
36 106 115
54 143 139
243 223 193
221 190 168
41 47 54
78 205 196
255 255 255
255 107 107
255 255 255
154 143 151
195 186 186
233 227 230
178 178 178
115 111 114
31 36 33
33 104 105
73 160 120
156 197 161
220 225 222
159 126 105
210 187 160
242 239 199
247 255 224
255 238 226
83 55 71
95 80 107
106 107 131
118 148 159
134 187 189
0 166 251
5 130 202
0 100 148
0 53 84
5 25 35
229 249 224
163 247 181
64 201 162
47 156 149
102 65 71
186 242 187
186 242 216
186 215 242
242 186 201
242 226 186
92 158 173
255 255 255
50 98 115
238 238 238
227 151 116
1 41 95
67 127 151
132 147 36
255 179 15
253 21 27
63 124 172
149 175 186
189 196 167
213 225 163
226 248 156
0 0 0
12 24 33
27 42 65
50 74 95
204 201 220
247 159 121
247 208 138
227 240 155
135 182 167
91 89 65
3 29 68
4 57 94
112 162 136
218 183 133
213 137 111
66 129 164
72 169 166
228 223 218
212 180 131
193 102 107
0 5 5
59 51 85
93 93 129
191 205 224
254 252 253
147 22 33
40 70 75
50 103 113
44 140 153
66 217 200
255 105 120
255 252 249
177 237 232
109 67 90
53 45 57
190 233 232
98 182 203
27 73 101
202 233 255
95 168 211
10 9 8
34 51 59
234 224 213
198 172 143
94 80 63
238 99 82
89 205 144
63 167 214
250 192 94
247 157 132
218 210 216
20 54 66
15 139 141
236 154 41
168 32 26
35 31 32
187 68 48
126 189 194
243 223 162
239 230 221
246 247 235
233 79 55
57 62 65
63 136 197
68 187 164
255 184 209
228 180 194
231 206 227
224 225 233
221 253 254
15 163 177
181 226 250
249 247 243
237 222 164
247 160 114
7 30 34
29 120 116
103 146 137
244 192 149
238 46 49
19 64 116
19 49 92
11 37 69
141 169 196
238 244 237
66 75 84
147 168 172
255 255 255
226 180 189
155 106 108
55 114 255
240 56 255
239 112 157
226 239 112
112 228 239
206 190 190
236 226 208
213 185 178
162 103 105
109 46 70
61 52 139
118 120 237
247 184 1
241 135 1
243 91 4
12 18 12
194 1 20
109 114 117
199 214 213
236 235 243
233 215 88
41 115 115
255 133 82
230 230 230
57 57 58
107 144 128
164 195 178
204 227 222
234 244 244
246 255 248
237 37 78
249 220 92
244 255 253
1 25 54
70 83 98
34 56 67
239 241 243
219 211 216
216 180 160
215 122 97
255 188 66
216 17 89
143 45 86
33 131 128
115 210 222
3 25 38
70 129 137
119 172 162
157 190 187
244 233 205
241 218 196
166 156 172
71 73 115
22 27 51
13 12 29
0 0 0
207 92 54
238 229 233
124 124 124
239 200 139
99 71 77
170 118 124
214 161 132
255 166 134
254 193 150
242 243 174
237 211 130
252 158 79
244 68 46
2 1 34
107 113 126
239 170 196
255 196 209
255 232 225
212 220 205
167 190 211
198 226 233
241 255 196
255 202 175
218 184 148
255 175 135
255 142 114
237 106 94
76 224 179
55 119 113
22 15 41
36 106 115
54 143 139
243 223 193
221 190 168
41 47 54
78 205 196
255 255 255
255 107 107
255 255 255
154 143 151
195 186 186
233 227 230
178 178 178
115 111 114
31 36 33
33 104 105
73 160 120
156 197 161
220 225 222
159 126 105
210 187 160
242 239 199
247 255 224
255 238 226
83 55 71
95 80 107
106 107 131
118 148 159
134 187 189
229 249 224
163 247 181
64 201 162
47 156 149
102 65 71
186 242 187
186 242 216
186 215 242
242 186 201
242 226 186
92 158 173
255 255 255
50 98 115
238 238 238
227 151 116
1 41 95
67 127 151
132 147 36
255 179 15
253 21 27
63 124 172
149 175 186
189 196 167
213 225 163
226 248 156
0 0 0
12 24 33
27 42 65
50 74 95
204 201 220
247 159 121
247 208 138
227 240 155
135 182 167
91 89 65
164 36 59
216 201 155
216 151 60
189 99 47
39 62 71
3 29 68
4 57 94
112 162 136
218 183 133
213 137 111
66 129 164
72 169 166
228 223 218
212 180 131
193 102 107
0 5 5
59 51 85
93 93 129
191 205 224
254 252 253
147 22 33
40 70 75
50 103 113
44 140 153
66 217 200
255 105 120
255 252 249
177 237 232
109 67 90
53 45 57
190 233 232
98 182 203
27 73 101
202 233 255
95 168 211
10 9 8
34 51 59
234 224 213
198 172 143
94 80 63
238 99 82
89 205 144
63 167 214
250 192 94
247 157 132
218 210 216
20 54 66
15 139 141
236 154 41
168 32 26
35 31 32
187 68 48
126 189 194
243 223 162
239 230 221
246 247 235
233 79 55
57 62 65
63 136 197
68 187 164
255 184 209
228 180 194
231 206 227
224 225 233
221 253 254
15 163 177
181 226 250
249 247 243
237 222 164
247 160 114
7 30 34
29 120 116
103 146 137
244 192 149
238 46 49
19 64 116
19 49 92
11 37 69
141 169 196
238 244 237
66 75 84
147 168 172
255 255 255
226 180 189
155 106 108
55 114 255
240 56 255
239 112 157
226 239 112
112 228 239
206 190 190
236 226 208
213 185 178
162 103 105
109 46 70
61 52 139
118 120 237
247 184 1
241 135 1
243 91 4
12 18 12
194 1 20
109 114 117
199 214 213
236 235 243
233 215 88
41 115 115
255 133 82
230 230 230
57 57 58
107 144 128
164 195 178
204 227 222
234 244 244
246 255 248
237 37 78
249 220 92
244 255 253
1 25 54
70 83 98
34 56 67
239 241 243
219 211 216
216 180 160
215 122 97
255 188 66
216 17 89
143 45 86
33 131 128
115 210 222
3 25 38
70 129 137
119 172 162
157 190 187
244 233 205
241 218 196
166 156 172
71 73 115
22 27 51
13 12 29
0 0 0
207 92 54
238 229 233
124 124 124
239 200 139
99 71 77
170 118 124
214 161 132
255 166 134
254 193 150
242 243 174
237 211 130
252 158 79
244 68 46
2 1 34
107 113 126
239 170 196
255 196 209
255 232 225
212 220 205
255 175 135
255 142 114
237 106 94
76 224 179
55 119 113
22 15 41
36 106 115
54 143 139
243 223 193
221 190 168
41 47 54
78 205 196
255 255 255
255 107 107
255 255 255
154 143 151
195 186 186
233 227 230
178 178 178
115 111 114
31 36 33
33 104 105
73 160 120
156 197 161
220 225 222
159 126 105
210 187 160
242 239 199
247 255 224
255 238 226
83 55 71
95 80 107
106 107 131
118 148 159
134 187 189
0 166 251
5 130 202
0 100 148
0 53 84
5 25 35
229 249 224
163 247 181
64 201 162
47 156 149
102 65 71
186 242 187
186 242 216
186 215 242
242 186 201
242 226 186
92 158 173
255 255 255
50 98 115
238 238 238
227 151 116
1 41 95
67 127 151
132 147 36
255 179 15
253 21 27
63 124 172
149 175 186
189 196 167
213 225 163
226 248 156
0 0 0
12 24 33
27 42 65
50 74 95
204 201 220
247 159 121
247 208 138
227 240 155
135 182 167
91 89 65
164 36 59
216 201 155
216 151 60
189 99 47
39 62 71
3 29 68
4 57 94
112 162 136
218 183 133
213 137 111
66 129 164
72 169 166
228 223 218
212 180 131
193 102 107
0 5 5
59 51 85
93 93 129
191 205 224
254 252 253
147 22 33
40 70 75
50 103 113
44 140 153
66 217 200
255 105 120
255 252 249
177 237 232
109 67 90
53 45 57
190 233 232
98 182 203
27 73 101
202 233 255
95 168 211
10 9 8
34 51 59
234 224 213
198 172 143
94 80 63
238 99 82
89 205 144
63 167 214
250 192 94
247 157 132
218 210 216
20 54 66
15 139 141
236 154 41
168 32 26
35 31 32
187 68 48
126 189 194
243 223 162
239 230 221
246 247 235
233 79 55
57 62 65
63 136 197
68 187 164
255 184 209
228 180 194
231 206 227
224 225 233
221 253 254
15 163 177
181 226 250
249 247 243
237 222 164
247 160 114
7 30 34
29 120 116
103 146 137
244 192 149
238 46 49
19 64 116
19 49 92
11 37 69
141 169 196
238 244 237
66 75 84
147 168 172
255 255 255
226 180 189
155 106 108
55 114 255
240 56 255
239 112 157
226 239 112
112 228 239
206 190 190
236 226 208
213 185 178
162 103 105
109 46 70
61 52 139
118 120 237
247 184 1
241 135 1
243 91 4
12 18 12
194 1 20
109 114 117
199 214 213
236 235 243
233 215 88
41 115 115
255 133 82
230 230 230
57 57 58
107 144 128
164 195 178
204 227 222
234 244 244
246 255 248
237 37 78
249 220 92
244 255 253
1 25 54
70 83 98
255 188 66
216 17 89
143 45 86
33 131 128
115 210 222
3 25 38
70 129 137
119 172 162
157 190 187
244 233 205
241 218 196
166 156 172
71 73 115
22 27 51
13 12 29
0 0 0
207 92 54
238 229 233
124 124 124
239 200 139
99 71 77
170 118 124
214 161 132
255 166 134
254 193 150
242 243 174
237 211 130
252 158 79
244 68 46
2 1 34
107 113 126
239 170 196
255 196 209
255 232 225
212 220 205
167 190 211
198 226 233
241 255 196
255 202 175
218 184 148
255 175 135
255 142 114
237 106 94
76 224 179
55 119 113
22 15 41
36 106 115
54 143 139
243 223 193
221 190 168
41 47 54
78 205 196
255 255 255
255 107 107
255 255 255
154 143 151
195 186 186
233 227 230
178 178 178
115 111 114
31 36 33
33 104 105
73 160 120
156 197 161
220 225 222
159 126 105
210 187 160
242 239 199
247 255 224
255 238 226
83 55 71
95 80 107
106 107 131
118 148 159
134 187 189
0 166 251
5 130 202
0 100 148
0 53 84
5 25 35
229 249 224
163 247 181
64 201 162
47 156 149
102 65 71
186 242 187
186 242 216
186 215 242
242 186 201
242 226 186
92 158 173
255 255 255
50 98 115
238 238 238
227 151 116
1 41 95
67 127 151
132 147 36
255 179 15
253 21 27
63 124 172
149 175 186
189 196 167
213 225 163
226 248 156
0 0 0
12 24 33
27 42 65
50 74 95
204 201 220
247 159 121
247 208 138
227 240 155
135 182 167
91 89 65
164 36 59
216 201 155
216 151 60
189 99 47
39 62 71
3 29 68
4 57 94
112 162 136
218 183 133
213 137 111
66 129 164
72 169 166
228 223 218
212 180 131
193 102 107
0 5 5
59 51 85
93 93 129
191 205 224
254 252 253
147 22 33
40 70 75
50 103 113
44 140 153
66 217 200
255 105 120
255 252 249
177 237 232
109 67 90
53 45 57
190 233 232
98 182 203
27 73 101
202 233 255
95 168 211
10 9 8
34 51 59
234 224 213
198 172 143
94 80 63
238 99 82
89 205 144
63 167 214
250 192 94
247 157 132
218 210 216
20 54 66
15 139 141
236 154 41
168 32 26
35 31 32
187 68 48
126 189 194
243 223 162
239 230 221
246 247 235
233 79 55
57 62 65
63 136 197
68 187 164
255 184 209
228 180 194
231 206 227
224 225 233
221 253 254
15 163 177
181 226 250
249 247 243
237 222 164
247 160 114
7 30 34
29 120 116
103 146 137
244 192 149
238 46 49
19 64 116
19 49 92
11 37 69
141 169 196
238 244 237
55 114 255
240 56 255
239 112 157
226 239 112
112 228 239
206 190 190
236 226 208
213 185 178
162 103 105
109 46 70
61 52 139
118 120 237
247 184 1
241 135 1
243 91 4
12 18 12
194 1 20
109 114 117
199 214 213
236 235 243
233 215 88
41 115 115
255 133 82
230 230 230
57 57 58
107 144 128
164 195 178
204 227 222
234 244 244
246 255 248
237 37 78
249 220 92
244 255 253
1 25 54
70 83 98
34 56 67
239 241 243
219 211 216
216 180 160
215 122 97
255 188 66
216 17 89
143 45 86
33 131 128
115 210 222
3 25 38
70 129 137
119 172 162
157 190 187
244 233 205
241 218 196
166 156 172
71 73 115
22 27 51
13 12 29
0 0 0
207 92 54
238 229 233
124 124 124
239 200 139
99 71 77
170 118 124
214 161 132
255 166 134
254 193 150
242 243 174
237 211 130
252 158 79
244 68 46
2 1 34
107 113 126
239 170 196
255 196 209
255 232 225
212 220 205
167 190 211
198 226 233
241 255 196
255 202 175
218 184 148
255 175 135
255 142 114
237 106 94
76 224 179
55 119 113
22 15 41
36 106 115
54 143 139
243 223 193
221 190 168
41 47 54
78 205 196
255 255 255
255 107 107
255 255 255
154 143 151
195 186 186
233 227 230
178 178 178
115 111 114
31 36 33
33 104 105
73 160 120
156 197 161
220 225 222
159 126 105
210 187 160
242 239 199
247 255 224
255 238 226
83 55 71
95 80 107
106 107 131
118 148 159
134 187 189
0 166 251
5 130 202
0 100 148
0 53 84
5 25 35
229 249 224
163 247 181
64 201 162
47 156 149
102 65 71
186 242 187
186 242 216
186 215 242
242 186 201
242 226 186
92 158 173
255 255 255
50 98 115
238 238 238
227 151 116
1 41 95
67 127 151
132 147 36
255 179 15
253 21 27
63 124 172
149 175 186
189 196 167
213 225 163
226 248 156
0 0 0
12 24 33
27 42 65
50 74 95
204 201 220
247 159 121
247 208 138
227 240 155
135 182 167
91 89 65
164 36 59
216 201 155
216 151 60
189 99 47
39 62 71
3 29 68
4 57 94
112 162 136
218 183 133
213 137 111
66 129 164
72 169 166
228 223 218
212 180 131
193 102 107
0 5 5
59 51 85
93 93 129
191 205 224
254 252 253
147 22 33
40 70 75
50 103 113
44 140 153
66 217 200
255 105 120
255 252 249
177 237 232
109 67 90
53 45 57
190 233 232
98 182 203
27 73 101
202 233 255
95 168 211
10 9 8
34 51 59
234 224 213
198 172 143
94 80 63
218 210 216
20 54 66
15 139 141
236 154 41
168 32 26
35 31 32
187 68 48
126 189 194
243 223 162
239 230 221
246 247 235
233 79 55
57 62 65
63 136 197
68 187 164
255 184 209
228 180 194
231 206 227
224 225 233
221 253 254
15 163 177
181 226 250
249 247 243
237 222 164
247 160 114
7 30 34
29 120 116
103 146 137
244 192 149
238 46 49
19 64 116
19 49 92
11 37 69
141 169 196
238 244 237
66 75 84
147 168 172
255 255 255
226 180 189
155 106 108
55 114 255
240 56 255
239 112 157
226 239 112
112 228 239
206 190 190
236 226 208
213 185 178
162 103 105
109 46 70
61 52 139
118 120 237
247 184 1
241 135 1
243 91 4
12 18 12
194 1 20
109 114 117
199 214 213
236 235 243
233 215 88
41 115 115
255 133 82
230 230 230
57 57 58
107 144 128
164 195 178
204 227 222
234 244 244
246 255 248
237 37 78
249 220 92
244 255 253
1 25 54
70 83 98
34 56 67
239 241 243
219 211 216
216 180 160
215 122 97
255 188 66
216 17 89
143 45 86
33 131 128
115 210 222
3 25 38
70 129 137
119 172 162
157 190 187
244 233 205
241 218 196
166 156 172
71 73 115
22 27 51
13 12 29
0 0 0
207 92 54
238 229 233
124 124 124
239 200 139
99 71 77
170 118 124
214 161 132
255 166 134
254 193 150
242 243 174
237 211 130
252 158 79
244 68 46
2 1 34
107 113 126
239 170 196
255 196 209
255 232 225
212 220 205
167 190 211
198 226 233
241 255 196
255 202 175
218 184 148
255 175 135
255 142 114
237 106 94
76 224 179
55 119 113
22 15 41
36 106 115
54 143 139
243 223 193
221 190 168
41 47 54
78 205 196
255 255 255
255 107 107
255 255 255
154 143 151
195 186 186
233 227 230
178 178 178
115 111 114
31 36 33
33 104 105
73 160 120
156 197 161
220 225 222
159 126 105
210 187 160
242 239 199
247 255 224
255 238 226
83 55 71
95 80 107
106 107 131
118 148 159
134 187 189
0 166 251
5 130 202
0 100 148
0 53 84
5 25 35
229 249 224
163 247 181
64 201 162
47 156 149
102 65 71
186 242 187
186 242 216
186 215 242
242 186 201
242 226 186
92 158 173
255 255 255
50 98 115
238 238 238
227 151 116
1 41 95
67 127 151
132 147 36
255 179 15
253 21 27
63 124 172
149 175 186
189 196 167
213 225 163
226 248 156
0 0 0
12 24 33
27 42 65
50 74 95
204 201 220
247 159 121
247 208 138
227 240 155
135 182 167
91 89 65
3 29 68
4 57 94
112 162 136
218 183 133
213 137 111
66 129 164
72 169 166
228 223 218
212 180 131
193 102 107
0 5 5
59 51 85
93 93 129
191 205 224
254 252 253
147 22 33
40 70 75
50 103 113
44 140 153
66 217 200
255 105 120
255 252 249
177 237 232
109 67 90
53 45 57
190 233 232
98 182 203
27 73 101
202 233 255
95 168 211
10 9 8
34 51 59
234 224 213
198 172 143
94 80 63
238 99 82
89 205 144
63 167 214
250 192 94
247 157 132
218 210 216
20 54 66
15 139 141
236 154 41
168 32 26
35 31 32
187 68 48
126 189 194
243 223 162
239 230 221
246 247 235
233 79 55
57 62 65
63 136 197
68 187 164
255 184 209
228 180 194
231 206 227
224 225 233
221 253 254
15 163 177
181 226 250
249 247 243
237 222 164
247 160 114
7 30 34
29 120 116
103 146 137
244 192 149
238 46 49
19 64 116
19 49 92
11 37 69
141 169 196
238 244 237
66 75 84
147 168 172
255 255 255
226 180 189
155 106 108
55 114 255
240 56 255
239 112 157
226 239 112
112 228 239
206 190 190
236 226 208
213 185 178
162 103 105
109 46 70
61 52 139
118 120 237
247 184 1
241 135 1
243 91 4
12 18 12
194 1 20
109 114 117
199 214 213
236 235 243
233 215 88
41 115 115
255 133 82
230 230 230
57 57 58
107 144 128
164 195 178
204 227 222
234 244 244
246 255 248
237 37 78
249 220 92
244 255 253
1 25 54
70 83 98
34 56 67
239 241 243
219 211 216
216 180 160
215 122 97
255 188 66
216 17 89
143 45 86
33 131 128
115 210 222
3 25 38
70 129 137
119 172 162
157 190 187
244 233 205
241 218 196
166 156 172
71 73 115
22 27 51
13 12 29
0 0 0
207 92 54
238 229 233
124 124 124
239 200 139
99 71 77
170 118 124
214 161 132
255 166 134
254 193 150
242 243 174
237 211 130
252 158 79
244 68 46
2 1 34
107 113 126
239 170 196
255 196 209
255 232 225
212 220 205
167 190 211
198 226 233
241 255 196
255 202 175
218 184 148
255 175 135
255 142 114
237 106 94
76 224 179
55 119 113
22 15 41
36 106 115
54 143 139
243 223 193
221 190 168
41 47 54
78 205 196
255 255 255
255 107 107
255 255 255
154 143 151
195 186 186
233 227 230
178 178 178
115 111 114
31 36 33
33 104 105
73 160 120
156 197 161
220 225 222
159 126 105
210 187 160
242 239 199
247 255 224
255 238 226
83 55 71
95 80 107
106 107 131
118 148 159
134 187 189
229 249 224
163 247 181
64 201 162
47 156 149
102 65 71
186 242 187
186 242 216
186 215 242
242 186 201
242 226 186
92 158 173
255 255 255
50 98 115
238 238 238
227 151 116
1 41 95
67 127 151
132 147 36
255 179 15
253 21 27
63 124 172
149 175 186
189 196 167
213 225 163
226 248 156
0 0 0
12 24 33
27 42 65
50 74 95
204 201 220
247 159 121
247 208 138
227 240 155
135 182 167
91 89 65
164 36 59
216 201 155
216 151 60
189 99 47
39 62 71
3 29 68
4 57 94
112 162 136
218 183 133
213 137 111
66 129 164
72 169 166
228 223 218
212 180 131
193 102 107
0 5 5
59 51 85
93 93 129
191 205 224
254 252 253
147 22 33
40 70 75
50 103 113
44 140 153
66 217 200
255 105 120
255 252 249
177 237 232
109 67 90
53 45 57
190 233 232
98 182 203
27 73 101
202 233 255
95 168 211
10 9 8
34 51 59
234 224 213
198 172 143
94 80 63
238 99 82
89 205 144
63 167 214
250 192 94
247 157 132
218 210 216
20 54 66
15 139 141
236 154 41
168 32 26
35 31 32
187 68 48
126 189 194
243 223 162
239 230 221
246 247 235
233 79 55
57 62 65
63 136 197
68 187 164
255 184 209
228 180 194
231 206 227
224 225 233
221 253 254
15 163 177
181 226 250
249 247 243
237 222 164
247 160 114
7 30 34
29 120 116
103 146 137
244 192 149
238 46 49
19 64 116
19 49 92
11 37 69
141 169 196
238 244 237
66 75 84
147 168 172
255 255 255
226 180 189
155 106 108
55 114 255
240 56 255
239 112 157
226 239 112
112 228 239
206 190 190
236 226 208
213 185 178
162 103 105
109 46 70
61 52 139
118 120 237
247 184 1
241 135 1
243 91 4
12 18 12
194 1 20
109 114 117
199 214 213
236 235 243
233 215 88
41 115 115
255 133 82
230 230 230
57 57 58
107 144 128
164 195 178
204 227 222
234 244 244
246 255 248
237 37 78
249 220 92
244 255 253
1 25 54
70 83 98
34 56 67
239 241 243
219 211 216
216 180 160
215 122 97
255 188 66
216 17 89
143 45 86
33 131 128
115 210 222
3 25 38
70 129 137
119 172 162
157 190 187
244 233 205
241 218 196
166 156 172
71 73 115
22 27 51
13 12 29
0 0 0
207 92 54
238 229 233
124 124 124
239 200 139
99 71 77
170 118 124
214 161 132
255 166 134
254 193 150
242 243 174
237 211 130
252 158 79
244 68 46
2 1 34
107 113 126
239 170 196
255 196 209
255 232 225
212 220 205
255 175 135
255 142 114
237 106 94
76 224 179
55 119 113
22 15 41
36 106 115
54 143 139
243 223 193
221 190 168
41 47 54
78 205 196
255 255 255
255 107 107
255 255 255
154 143 151
195 186 186
233 227 230
178 178 178
115 111 114
31 36 33
33 104 105
73 160 120
156 197 161
220 225 222
159 126 105
210 187 160
242 239 199
247 255 224
255 238 226
83 55 71
95 80 107
106 107 131
118 148 159
134 187 189
0 166 251
5 130 202
0 100 148
0 53 84
5 25 35
229 249 224
163 247 181
64 201 162
47 156 149
102 65 71
186 242 187
186 242 216
186 215 242
242 186 201
242 226 186
92 158 173
255 255 255
50 98 115
238 238 238
227 151 116
1 41 95
67 127 151
132 147 36
255 179 15
253 21 27
63 124 172
149 175 186
189 196 167
213 225 163
226 248 156
0 0 0
12 24 33
27 42 65
50 74 95
204 201 220
247 159 121
247 208 138
227 240 155
135 182 167
91 89 65
164 36 59
216 201 155
216 151 60
189 99 47
39 62 71
3 29 68
4 57 94
112 162 136
218 183 133
213 137 111
66 129 164
72 169 166
228 223 218
212 180 131
193 102 107
0 5 5
59 51 85
93 93 129
191 205 224
254 252 253
147 22 33
40 70 75
50 103 113
44 140 153
66 217 200
255 105 120
255 252 249
177 237 232
109 67 90
53 45 57
190 233 232
98 182 203
27 73 101
202 233 255
95 168 211
10 9 8
34 51 59
234 224 213
198 172 143
94 80 63
238 99 82
89 205 144
63 167 214
250 192 94
247 157 132
218 210 216
20 54 66
15 139 141
236 154 41
168 32 26
35 31 32
187 68 48
126 189 194
243 223 162
239 230 221
246 247 235
233 79 55
57 62 65
63 136 197
68 187 164
255 184 209
228 180 194
231 206 227
224 225 233
221 253 254
15 163 177
181 226 250
249 247 243
237 222 164
247 160 114
7 30 34
29 120 116
103 146 137
244 192 149
238 46 49
19 64 116
19 49 92
11 37 69
141 169 196
238 244 237
66 75 84
147 168 172
255 255 255
226 180 189
155 106 108
55 114 255
240 56 255
239 112 157
226 239 112
112 228 239
206 190 190
236 226 208
213 185 178
162 103 105
109 46 70
61 52 139
118 120 237
247 184 1
241 135 1
243 91 4
12 18 12
194 1 20
109 114 117
199 214 213
236 235 243
233 215 88
41 115 115
255 133 82
230 230 230
57 57 58
107 144 128
164 195 178
204 227 222
234 244 244
246 255 248
237 37 78
249 220 92
244 255 253
1 25 54
70 83 98
255 188 66
216 17 89
143 45 86
33 131 128
115 210 222
3 25 38
70 129 137
119 172 162
157 190 187
244 233 205
241 218 196
166 156 172
71 73 115
22 27 51
13 12 29
0 0 0
207 92 54
238 229 233
124 124 124
239 200 139
99 71 77
170 118 124
214 161 132
255 166 134
254 193 150
242 243 174
237 211 130
252 158 79
244 68 46
2 1 34
107 113 126
239 170 196
255 196 209
255 232 225
212 220 205
167 190 211
198 226 233
241 255 196
255 202 175
218 184 148
255 175 135
255 142 114
237 106 94
76 224 179
55 119 113
22 15 41
36 106 115
54 143 139
243 223 193
221 190 168
41 47 54
78 205 196
255 255 255
255 107 107
255 255 255
154 143 151
195 186 186
233 227 230
178 178 178
115 111 114
31 36 33
33 104 105
73 160 120
156 197 161
220 225 222
159 126 105
210 187 160
242 239 199
247 255 224
255 238 226
83 55 71
95 80 107
106 107 131
118 148 159
134 187 189
0 166 251
5 130 202
0 100 148
0 53 84
5 25 35
229 249 224
163 247 181
64 201 162
47 156 149
102 65 71
186 242 187
186 242 216
186 215 242
242 186 201
242 226 186
92 158 173
255 255 255
50 98 115
238 238 238
227 151 116
1 41 95
67 127 151
132 147 36
255 179 15
253 21 27
63 124 172
149 175 186
189 196 167
213 225 163
226 248 156
0 0 0
12 24 33
27 42 65
50 74 95
204 201 220
247 159 121
247 208 138
227 240 155
135 182 167
91 89 65
164 36 59
216 201 155
216 151 60
189 99 47
39 62 71
3 29 68
4 57 94
112 162 136
218 183 133
213 137 111
66 129 164
72 169 166
228 223 218
212 180 131
193 102 107
0 5 5
59 51 85
93 93 129
191 205 224
254 252 253
147 22 33
40 70 75
50 103 113
44 140 153
66 217 200
255 105 120
255 252 249
177 237 232
109 67 90
53 45 57
190 233 232
98 182 203
27 73 101
202 233 255
95 168 211
10 9 8
34 51 59
234 224 213
198 172 143
94 80 63
238 99 82
89 205 144
63 167 214
250 192 94
247 157 132
218 210 216
20 54 66
15 139 141
236 154 41
168 32 26
35 31 32
187 68 48
126 189 194
243 223 162
239 230 221
246 247 235
233 79 55
57 62 65
63 136 197
68 187 164
255 184 209
228 180 194
231 206 227
224 225 233
221 253 254
15 163 177
181 226 250
249 247 243
237 222 164
247 160 114
7 30 34
29 120 116
103 146 137
244 192 149
238 46 49
19 64 116
19 49 92
11 37 69
141 169 196
238 244 237
55 114 255
240 56 255
239 112 157
226 239 112
112 228 239
206 190 190
236 226 208
213 185 178
162 103 105
109 46 70
61 52 139
118 120 237
247 184 1
241 135 1
243 91 4
12 18 12
194 1 20
109 114 117
199 214 213
236 235 243
233 215 88
41 115 115
255 133 82
230 230 230
57 57 58
107 144 128
164 195 178
204 227 222
234 244 244
246 255 248
237 37 78
249 220 92
244 255 253
1 25 54
70 83 98
34 56 67
239 241 243
219 211 216
216 180 160
215 122 97
255 188 66
216 17 89
143 45 86
33 131 128
115 210 222
3 25 38
70 129 137
119 172 162
157 190 187
244 233 205
241 218 196
166 156 172
71 73 115
22 27 51
13 12 29
0 0 0
207 92 54
238 229 233
124 124 124
239 200 139
99 71 77
170 118 124
214 161 132
255 166 134
254 193 150
242 243 174
237 211 130
252 158 79
244 68 46
2 1 34
107 113 126
239 170 196
255 196 209
255 232 225
212 220 205
167 190 211
198 226 233
241 255 196
255 202 175
218 184 148
255 175 135
255 142 114
237 106 94
76 224 179
55 119 113
22 15 41
36 106 115
54 143 139
243 223 193
221 190 168
41 47 54
78 205 196
255 255 255
255 107 107
255 255 255
154 143 151
195 186 186
233 227 230
178 178 178
115 111 114
31 36 33
33 104 105
73 160 120
156 197 161
220 225 222
159 126 105
210 187 160
242 239 199
247 255 224
255 238 226
83 55 71
95 80 107
106 107 131
118 148 159
134 187 189
0 166 251
5 130 202
0 100 148
0 53 84
5 25 35
229 249 224
163 247 181
64 201 162
47 156 149
102 65 71
186 242 187
186 242 216
186 215 242
242 186 201
242 226 186
92 158 173
255 255 255
50 98 115
238 238 238
227 151 116
1 41 95
67 127 151
132 147 36
255 179 15
253 21 27
63 124 172
149 175 186
189 196 167
213 225 163
226 248 156
0 0 0
12 24 33
27 42 65
50 74 95
204 201 220
247 159 121
247 208 138
227 240 155
135 182 167
91 89 65
164 36 59
216 201 155
216 151 60
189 99 47
39 62 71
3 29 68
4 57 94
112 162 136
218 183 133
213 137 111
66 129 164
72 169 166
228 223 218
212 180 131
193 102 107
0 5 5
59 51 85
93 93 129
191 205 224
254 252 253
147 22 33
40 70 75
50 103 113
44 140 153
66 217 200
255 105 120
255 252 249
177 237 232
109 67 90
53 45 57
190 233 232
98 182 203
27 73 101
202 233 255
95 168 211
10 9 8
34 51 59
234 224 213
198 172 143
94 80 63
218 210 216
20 54 66
15 139 141
236 154 41
168 32 26
35 31 32
187 68 48
126 189 194
243 223 162
239 230 221
246 247 235
233 79 55
57 62 65
63 136 197
68 187 164
255 184 209
228 180 194
231 206 227
224 225 233
221 253 254
15 163 177
181 226 250
249 247 243
237 222 164
247 160 114
7 30 34
29 120 116
103 146 137
244 192 149
238 46 49
19 64 116
19 49 92
11 37 69
141 169 196
238 244 237
66 75 84
147 168 172
255 255 255
226 180 189
155 106 108
55 114 255
240 56 255
239 112 157
226 239 112
112 228 239
206 190 190
236 226 208
213 185 178
162 103 105
109 46 70
61 52 139
118 120 237
247 184 1
241 135 1
243 91 4
12 18 12
194 1 20
109 114 117
199 214 213
236 235 243
233 215 88
41 115 115
255 133 82
230 230 230
57 57 58
107 144 128
164 195 178
204 227 222
234 244 244
246 255 248
237 37 78
249 220 92
244 255 253
1 25 54
70 83 98
34 56 67
239 241 243
219 211 216
216 180 160
215 122 97
255 188 66
216 17 89
143 45 86
33 131 128
115 210 222
3 25 38
70 129 137
119 172 162
157 190 187
244 233 205
241 218 196
166 156 172
71 73 115
22 27 51
13 12 29
0 0 0
207 92 54
238 229 233
124 124 124
239 200 139
99 71 77
170 118 124
214 161 132
255 166 134
254 193 150
242 243 174
237 211 130
252 158 79
244 68 46
2 1 34
107 113 126
239 170 196
255 196 209
255 232 225
212 220 205
167 190 211
198 226 233
241 255 196
255 202 175
218 184 148
255 175 135
255 142 114
237 106 94
76 224 179
55 119 113
22 15 41
36 106 115
54 143 139
243 223 193
221 190 168
41 47 54
78 205 196
255 255 255
255 107 107
255 255 255
154 143 151
195 186 186
233 227 230
178 178 178
115 111 114
31 36 33
33 104 105
73 160 120
156 197 161
220 225 222
159 126 105
210 187 160
242 239 199
247 255 224
255 238 226
83 55 71
95 80 107
106 107 131
118 148 159
134 187 189
0 166 251
5 130 202
0 100 148
0 53 84
5 25 35
229 249 224
163 247 181
64 201 162
47 156 149
102 65 71
186 242 187
186 242 216
186 215 242
242 186 201
242 226 186
92 158 173
255 255 255
50 98 115
238 238 238
227 151 116
1 41 95
67 127 151
132 147 36
255 179 15
253 21 27
63 124 172
149 175 186
189 196 167
213 225 163
226 248 156
0 0 0
12 24 33
27 42 65
50 74 95
204 201 220
247 159 121
247 208 138
227 240 155
135 182 167
91 89 65
3 29 68
4 57 94
112 162 136
218 183 133
213 137 111
66 129 164
72 169 166
228 223 218
212 180 131
193 102 107
0 5 5
59 51 85
93 93 129
191 205 224
254 252 253
147 22 33
40 70 75
50 103 113
44 140 153
66 217 200
255 105 120
255 252 249
177 237 232
109 67 90
53 45 57
190 233 232
98 182 203
27 73 101
202 233 255
95 168 211
10 9 8
34 51 59
234 224 213
198 172 143
94 80 63
238 99 82
89 205 144
63 167 214
250 192 94
247 157 132
218 210 216
20 54 66
15 139 141
236 154 41
168 32 26
35 31 32
187 68 48
126 189 194
243 223 162
239 230 221
246 247 235
233 79 55
57 62 65
63 136 197
68 187 164
255 184 209
228 180 194
231 206 227
224 225 233
221 253 254
15 163 177
181 226 250
249 247 243
237 222 164
247 160 114
7 30 34
29 120 116
103 146 137
244 192 149
238 46 49
19 64 116
19 49 92
11 37 69
141 169 196
238 244 237
66 75 84
147 168 172
255 255 255
226 180 189
155 106 108
55 114 255
240 56 255
239 112 157
226 239 112
112 228 239
206 190 190
236 226 208
213 185 178
162 103 105
109 46 70
61 52 139
118 120 237
247 184 1
241 135 1
243 91 4
12 18 12
194 1 20
109 114 117
199 214 213
236 235 243
233 215 88
41 115 115
255 133 82
230 230 230
57 57 58
107 144 128
164 195 178
204 227 222
234 244 244
246 255 248
237 37 78
249 220 92
244 255 253
1 25 54
70 83 98
34 56 67
239 241 243
219 211 216
216 180 160
215 122 97
255 188 66
216 17 89
143 45 86
33 131 128
115 210 222
3 25 38
70 129 137
119 172 162
157 190 187
244 233 205
241 218 196
166 156 172
71 73 115
22 27 51
13 12 29
0 0 0
207 92 54
238 229 233
124 124 124
239 200 139
99 71 77
170 118 124
214 161 132
255 166 134
254 193 150
242 243 174
237 211 130
252 158 79
244 68 46
2 1 34
107 113 126
239 170 196
255 196 209
255 232 225
212 220 205
167 190 211
198 226 233
241 255 196
255 202 175
218 184 148
255 175 135
255 142 114
237 106 94
76 224 179
55 119 113
22 15 41
36 106 115
54 143 139
243 223 193
221 190 168
41 47 54
78 205 196
255 255 255
255 107 107
255 255 255
154 143 151
195 186 186
233 227 230
178 178 178
115 111 114
31 36 33
33 104 105
73 160 120
156 197 161
220 225 222
159 126 105
210 187 160
242 239 199
247 255 224
255 238 226
83 55 71
95 80 107
106 107 131
118 148 159
134 187 189
229 249 224
163 247 181
64 201 162
47 156 149
102 65 71
186 242 187
186 242 216
186 215 242
242 186 201
242 226 186
92 158 173
255 255 255
50 98 115
238 238 238
227 151 116
1 41 95
67 127 151
132 147 36
255 179 15
253 21 27
63 124 172
149 175 186
189 196 167
213 225 163
226 248 156
0 0 0
12 24 33
27 42 65
50 74 95
204 201 220
247 159 121
247 208 138
227 240 155
135 182 167
91 89 65
164 36 59
216 201 155
216 151 60
189 99 47
39 62 71
3 29 68
4 57 94
112 162 136
218 183 133
213 137 111
66 129 164
72 169 166
228 223 218
212 180 131
193 102 107
0 5 5
59 51 85
93 93 129
191 205 224
254 252 253
147 22 33
40 70 75
50 103 113
44 140 153
66 217 200
255 105 120
255 252 249
177 237 232
109 67 90
53 45 57
190 233 232
98 182 203
27 73 101
202 233 255
95 168 211
10 9 8
34 51 59
234 224 213
198 172 143
94 80 63
238 99 82
89 205 144
63 167 214
250 192 94
247 157 132
218 210 216
20 54 66
15 139 141
236 154 41
168 32 26
35 31 32
187 68 48
126 189 194
243 223 162
239 230 221
246 247 235
233 79 55
57 62 65
63 136 197
68 187 164
255 184 209
228 180 194
231 206 227
224 225 233
221 253 254
15 163 177
181 226 250
249 247 243
237 222 164
247 160 114
7 30 34
29 120 116
103 146 137
244 192 149
238 46 49
19 64 116
19 49 92
11 37 69
141 169 196
238 244 237
66 75 84
147 168 172
255 255 255
226 180 189
155 106 108
55 114 255
240 56 255
239 112 157
226 239 112
112 228 239
206 190 190
236 226 208
213 185 178
162 103 105
109 46 70
61 52 139
118 120 237
247 184 1
241 135 1
243 91 4
12 18 12
194 1 20
109 114 117
199 214 213
236 235 243
233 215 88
41 115 115
255 133 82
230 230 230
57 57 58
107 144 128
164 195 178
204 227 222
234 244 244
246 255 248
237 37 78
249 220 92
244 255 253
1 25 54
70 83 98
34 56 67
239 241 243
219 211 216
216 180 160
215 122 97
255 188 66
216 17 89
143 45 86
33 131 128
115 210 222
3 25 38
70 129 137
119 172 162
157 190 187
244 233 205
241 218 196
166 156 172
71 73 115
22 27 51
13 12 29
0 0 0
207 92 54
238 229 233
124 124 124
239 200 139
99 71 77
170 118 124
214 161 132
255 166 134
254 193 150
242 243 174
237 211 130
252 158 79
244 68 46
2 1 34
107 113 126
239 170 196
255 196 209
255 232 225
212 220 205
255 175 135
255 142 114
237 106 94
76 224 179
55 119 113
22 15 41
36 106 115
54 143 139
243 223 193
221 190 168
41 47 54
78 205 196
255 255 255
255 107 107
255 255 255
154 143 151
195 186 186
233 227 230
178 178 178
115 111 114
31 36 33
33 104 105
73 160 120
156 197 161
220 225 222
159 126 105
210 187 160
242 239 199
247 255 224
255 238 226
83 55 71
95 80 107
106 107 131
118 148 159
134 187 189
0 166 251
5 130 202
0 100 148
0 53 84
5 25 35
229 249 224
163 247 181
64 201 162
47 156 149
102 65 71
186 242 187
186 242 216
186 215 242
242 186 201
242 226 186